148
140
146
137
143
131
123
124
131
138
135
128
115
110
107
108
122
116
127
122
115
105
100
94
103
104
100
94
96
91
84
89
87
93
89
81
74
73
69
66
62
58
69
67
74
74
67
65
62
61
56
54
54
53
51
55
50
48
48
43
51
54
52
56
55
49
54
56
69
68
69
65
66
61
67
74
73
70
70
84
94
96
88
82
86
90
96
113
106
99
93
92
100
119
134
131
125
119
113
109
107
116
126
126
122
136
141
134
141
130
122
122
120
132
120
121
122
118
125
130
126
122
120
121
114
120
123
150
181
175
182
186
183
178
190
177
176
172
174
188
203
213
220
235
225
225
270
249
261
277
270
253
236
226
205
193
181
209
193
179
179
174
164
170
154
157
159
171
179
178
175
167
147
136
142
154
141
170
188
176
162
191
204
190
180
169
165
152
147
145
152
146
161
160
166
160
173
189
200
188
176
177
182
179
175
173
167
158
147
142
129
127
124
127
143
132
130
126
130
125
130
132
124
118
117
129
129
134
133
122
114
121
123
162
147
137
134
129
129
137
132
122
123
113
122
129
116
123
134
130
121
120
123
121
117
116
113
111
116
106
114
127
130
118
105
116
116
118
117
118
109
100
94
88
92
90
90
105
98
95
104
97
108
117
110
113
105
103
110
106
110
102
99
96
88
86
95
103
98
99
102
100
92
106
110
113
120
111
102
103
99
104
104
99
94
105
94
89
80
77
93
95
91
98
114
112
117
112
103
99
128
134
122
115
107
130
133
126
123
121
113
104
100
97
106
119
131
125
125
127
121
126
133
134
120
112
138
146
141
132
118
127
132
128
135
138
125
130
125
127
119
124
123
127
128
124
126
122
126
117
120
139
135
132
127
132
126
120
116
106
117
128
140
137
136
136
130
117
112
119
159
169
151
132
122
116
137
133
134
121
120
116
120
130
148
135
126
117
112
107
99
107
121
122
123
141
141
131
128
124
145
150
144
141
132
119
131
140
138
136
151
157
148
139
126
119
113
126
123
116
123
129
120
115
115
121
133
157
154
153
142
132
120
112
108
109
103
110
108
95
105
102
104
98
90
87
92
92
96
106
115
131
125
116
114
122
114
135
145
143
134
136
146
134
127
124
122
128
122
112
111
112
115
128
136
137
130
132
147
150
138
144
144
153
190
182
186
191
199
187
176
168
157
145
147
132
129
142
148
155
148
150
153
158
146
139
139
138
147
143
137
134
145
144
136
132
133
138
146
153
147
146
152
145
138
142
134
138
135
137
136
146
141
130
122
112
119
114
114
116
120
118
120
118
112
127
118
113
139
166
159
146
139
142
140
153
138
157
168
159
149
145
147
158
150
141
135
144
162
166
176
170
152
142
137
136
135
131
127
125
130
140
129
125
115
114
112
105
96
94
96
95
98
97
96
111
116
122
118
131
166
150
142
137
143
148
147
153
144
142
133
142
148
149
149
146
161
200
198
208
187
168
161
156
161
157
168
167
165
189
174
160
164
166
170
166
162
170
192
184
184
177
191
195
182
186
174
170
159
149
141
130
117
110
110
105
102
138
151
154
169
166
156
142
127
128
134
129
137
143
129
123
121
112
121
122
121
143
138
127
144
155
147
160
151
140
152
152
167
164
160
142
136
129
127
123
116
106
130
141
149
149
140
145
136
127
127
124
135
141
131
137
144
143
153
154
153
139
136
140
144
134
125
130
125
117
123
116
107
102
105
109
100
104
101
119
123
114
121
132
117
135
134
140
129
128
133
148
146
140
155
173
164
150
157
156
143
139
145
132
121
119
127
121
124
114
106
111
99
110
113
102
98
92
86
78
99
105
105
102
109
106
97
116
117
134
129
120
108
107
108
104
105
111
107
105
110
108
101
93
96
95
96
97
90
82
111
118
118
116
117
115
126
134
119
105
126
121
124
119
106
102
98
93
91
86
92
111
125
117
104
97
96
100
102
106
100
92
90
86
99
103
104
105
103
93
86
82
79
79
86
80
85
96
115
127
118
130
134
126
119
118
126
132
141
150
153
142
138
130
119
125
136
148
144
148
138
128
132
135
141
164
146
136
149
164
147
137
126
124
128
128
127
127
119
113
126
136
130
135
146
139
144
149
167
171
167
171
160
174
166
172
157
155
150
151
151
150
155
146
143
147
151
141
140
133
123
124
114
125
125
118
106
104
103
103
96
108
104
106
115
105
91
84
76
74
72
99
101
94
98
92
90
103
106
100
106
97
100
111
119
119
112
112
102
120
123
111
106
105
106
101
102
94
97
101
93
100
96
93
86
86
91
106
102
102
98
101
97
93
86
78
71
66
63
58
54
57
51
52
72
81
75
77
85
92
94
97
89
92
95
85
77
73
70
95
89
85
80
84
102
123
112
104
100
94
97
99
102
104
106
110
111
114
115
95
114
106
98
92
93
96
92
83
94
93
92
98
94
87
101
108
111
112
101
89
88
89
84
83
82
76
88
83
86
82
77
75
78
85
97
121
119
114
106
102
106
109
111
107
98
97
91
109
117
110
110
131
127
128
128
116
123
119
128
128
125
127
116
87
60
28
1
0
0
643
643
643
642
643
643
642
641
643
225
583
529
497
495
465
445
420
438
396
420
398
383
384
369
347
208
231
186
116
2
0
0
642
178
641
640
641
641
642
642
641
641
641
643
643
641
637
636
606
608
576
531
200
157
18
0
0
642
641
643
642
643
643
642
642
642
642
641
643
643
642
642
622
599
551
541
526
491
513
467
442
431
415
395
376
377
366
347
329
314
302
288
291
277
274
263
254
257
236
216
225
222
216
209
198
185
168
152
159
172
158
159
148
151
138
133
192
196
192
172
163
161
174
160
171
161
144
130
127
129
130
125
126
118
125
123
134
135
134
147
138
142
133
139
134
122
122
120
126
124
132
123
117
115
139
139
127
114
118
104
97
96
105
106
108
105
96
89
105
105
100
98
93
87
97
105
106
109
99
102
107
106
104
95
96
116
122
118
110
103
112
112
102
95
97
94
95
101
106
103
94
90
82
81
82
111
119
108
106
107
103
111
114
115
111
117
125
118
110
105
98
99
96
90
93
95
98
101
97
94
89
84
89
89
87
91
103
104
111
105
110
100
