60
65
67
66
61
60
65
63
68
71
74
73
76
82
89
84
82
86
82
89
85
75
73
78
74
73
76
72
66
61
75
83
79
71
67
66
63
66
92
97
107
108
100
92
92
86
89
88
80
77
84
79
73
64
67
72
71
75
70
71
74
69
77
77
85
87
87
77
75
73
70
72
72
69
63
59
54
53
58
53
56
54
54
51
50
52
48
45
45
47
45
50
59
56
55
57
59
67
65
66
71
64
77
83
75
74
74
66
70
66
68
75
78
72
73
78
85
83
84
82
86
92
92
91
93
93
87
86
95
86
82
86
83
92
96
95
97
97
97
96
91
99
100
99
95
99
102
112
100
94
94
89
105
106
109
102
102
104
102
105
110
120
126
115
111
106
88
128
139
163
174
166
163
170
185
165
154
135
122
110
93
110
124
131
125
132
121
126
124
118
122
118
109
102
96
106
108
102
111
104
118
123
111
100
100
99
90
100
95
105
113
113
107
103
102
102
98
105
102
104
100
93
86
85
86
84
84
84
76
73
81
76
69
67
68
62
68
66
66
60
59
53
62
57
62
72
65
64
64
56
60
59
55
58
62
63
64
62
61
61
67
60
65
65
63
72
81
79
74
85
95
89
92
90
84
86
82
91
92
98
90
87
84
89
102
103
96
94
92
87
92
88
86
81
80
77
75
85
94
89
90
88
80
78
73
69
81
100
108
102
95
100
88
97
94
99
93
89
85
78
75
74
77
78
84
93
85
80
73
76
72
65
61
62
71
70
75
77
78
95
109
98
88
79
71
67
84
83
77
76
73
69
63
60
71
81
80
81
79
86
83
81
83
89
89
89
90
84
82
80
96
113
101
91
87
95
96
109
103
95
96
94
92
88
81
75
78
84
84
92
91
93
84
79
76
70
75
78
87
97
93
88
89
99
92
88
90
89
94
101
90
81
82
81
79
79
83
80
76
69
73
71
66
62
63
61
67
63
70
66
63
62
65
64
67
69
66
62
62
59
57
57
68
63
60
61
57
56
56
83
99
116
133
123
115
108
105
101
100
93
101
104
108
108
97
105
111
114
107
97
87
89
88
87
88
91
85
82
76
71
75
78
72
72
79
76
78
85
86
96
99
92
87
84
76
76
85
90
85
84
78
75
79
74
69
68
70
68
72
70
68
74
78
71
75
82
86
92
91
90
94
100
97
105
95
95
90
88
82
75
69
67
70
68
63
76
85
83
77
73
70
77
83
82
83
79
78
76
88
106
100
103
99
89
87
94
106
105
100
92
89
82
97
99
92
94
92
92
98
99
96
107
97
92
82
85
91
90
89
82
92
90
98
104
98
95
88
86
88
83
99
98
97
89
85
75
72
70
78
75
71
71
79
86
101
98
104
105
107
114
110
108
101
102
102
98
89
91
96
90
90
95
94
98
87
81
77
76
77
84
91
86
79
72
81
85
94
99
97
93
86
78
82
81
100
90
84
83
91
82
86
83
79
72
71
68
65
80
82
84
83
89
92
88
102
119
107
112
114
123
115
107
107
100
110
118
113
118
118
115
111
97
97
101
95
92
87
100
97
116
121
113
105
101
112
112
123
117
111
106
110
126
122
126
114
109
100
122
141
140
125
114
103
119
119
107
111
104
97
100
89
84
85
82
87
103
112
109
110
96
113
121
109
106
102
113
121
113
109
113
105
124
129
120
116
108
113
108
100
100
91
95
104
100
89
94
90
115
128
112
113
102
96
109
107
104
100
95
96
100
98
96
91
90
88
95
97
98
94
88
84
77
76
74
69
65
67
67
64
70
64
64
68
72
74
70
103
123
114
113
105
98
113
111
102
103
112
105
126
139
132
138
136
126
144
145
136
132
124
119
119
114
109
112
113
113
108
107
113
115
103
99
96
113
106
106
104
121
136
133
124
118
128
126
128
133
138
136
141
131
136
134
136
134
128
128
118
116
113
122
138
171
207
248
254
261
259
242
226
210
214
198
183
188
181
162
158
159
116
87
147
167
160
161
149
148
144
150
149
129
143
145
156
158
160
167
160
164
174
184
175
178
181
172
185
186
179
187
169
170
170
178
168
143
108
80
47
4
0
640
642
640
639
639
641
639
633
606
588
577
549
526
507
491
468
476
468
439
436
427
415
405
393
388
371
370
355
364
345
331
313
310
301
292
287
275
270
261
255
245
227
219
227
221
218
214
202
167
131
163
157
150
166
158
156
161
149
139
164
159
196
196
199
188
170
176
160
165
158
154
141
138
156
165
159
175
162
155
140
148
142
130
123
112
113
134
116
107
106
105
121
116
106
120
123
124
118
122
113
108
103
99
93
88
83
109
103
101
101
101
100
106
100
107
105
112
118
105
95
97
92
91
122
146
148
131
141
140
134
138
152
158
148
140
141
139
152
143
135
159
161
160
153
140
133
132
139
156
144
159
168
186
163
155
149
156
177
175
159
140
137
142
146
138
143
134
122
126
141
128
117
110
121
119
110
108
116
126
127
121
113
108
107
125
137
124
115
120
125
119
116
119
117
121
114
115
102
104
102
102
95
90
98
100
97
99
90
80
80
87
80
80
81
80
89
80
83
79
78
74
72
73
70
82
86
83
100
98
93
103
97
98
91
90
88
93
100
94
89
90
101
94
93
89
80
74
80
102
104
96
93
94
88
83
92
91
100
100
91
93
91
94
102
95
90
87
80
79
108
119
114
106
96
90
82
75
77
81
80
83
88
86
85
77
72
68
69
71
72
71
67
74
68
64
74
85
91
101
100
90
83
76
75
82
78
79
76
79
71
76
78
69
68
62
61
61
67
74
72
73
69
72
74
75
77
72
64
63
70
62
68
69
65
62
61
55
75
80
78
81
80
80
72
68
66
71
78
78
84
84
83
80
77
73
66
72
70
73
75
