42
44
42
44
44
45
43
50
46
46
40
41
39
38
41
49
48
47
45
48
56
56
53
49
45
46
41
40
40
40
43
40
41
42
37
35
38
35
38
36
35
37
35
32
32
34
38
41
40
41
37
36
35
35
32
36
34
31
30
31
31
33
34
31
33
37
37
35
38
37
37
38
39
40
44
44
44
42
42
40
41
36
39
43
46
41
42
41
43
51
50
46
46
42
45
47
48
47
47
47
45
44
51
50
45
49
46
43
42
47
44
47
49
49
47
47
51
50
53
50
46
49
47
55
57
52
50
50
50
52
54
56
53
55
55
59
55
55
58
68
77
77
77
70
64
60
63
78
82
87
83
80
79
77
92
88
94
95
98
111
121
125
124
114
120
124
133
128
123
140
131
144
159
154
160
150
178
164
162
154
158
159
161
170
176
186
179
173
191
184
185
200
198
194
195
199
181
209
211
219
224
225
224
219
225
225
236
237
235
244
224
252
252
256
265
243
266
264
273
271
274
284
276
291
296
297
301
297
303
306
302
331
327
351
358
357
373
369
395
402
413
424
432
442
453
472
472
505
517
532
538
542
559
558
581
594
607
617
624
641
642
642
642
642
642
641
642
643
642
642
643
642
643
643
642
642
642
641
642
643
642
641
642
643
641
641
641
642
642
643
642
641
643
642
641
642
642
643
642
642
643
643
642
641
642
642
643
642
642
642
642
642
642
642
642
642
642
642
641
642
642
642
641
642
643
641
642
642
642
642
641
642
643
642
641
643
643
643
642
643
643
642
643
641
643
641
643
642
642
642
643
641
641
643
641
642
642
639
626
615
610
600
597
580
566
552
538
533
523
513
516
480
472
456
446
441
427
414
398
389
378
382
358
340
330
321
321
307
301
290
277
265
247
240
230
228
218
209
194
184
174
169
165
164
153
144
133
120
111
112
112
112
106
95
97
92
83
80
75
71
63
66
63
64
63
59
57
54
48
51
54
54
49
51
57
62
62
64
60
59
61
56
60
60
62
68
65
65
60
65
66
67
63
62
62
56
55
55
65
71
76
70
70
75
75
71
78
76
78
77
72
71
69
68
72
74
71
73
69
68
67
67
69
81
96
94
98
95
91
91
97
100
97
97
96
96
95
96
90
100
94
96
96
95
95
95
100
92
106
99
102
110
111
109
108
116
113
112
110
107
113
106
104
108
104
107
109
105
98
102
102
103
114
104
104
106
104
110
106
109
109
109
105
111
106
117
119
113
112
110
113
113
110
119
109
122
116
120
120
115
119
121
123
126
124
117
114
116
112
114
116
115
118
114
116
115
117
123
119
116
119
117
118
120
126
117
122
120
120
125
124
125
126
117
118
121
122
123
134
127
124
126
120
126
123
136
127
125
124
124
125
121
127
131
127
123
131
128
126
134
135
135
129
131
132
132
138
139
143
145
138
137
142
141
137
145
150
146
141
134
137
135
136
139
142
141
150
150
156
154
156
171
164
168
158
170
164
166
156
149
148
144
165
157
159
154
141
145
148
160
166
150
152
152
148
157
154
154
162
151
161
172
157
162
155
165
163
165
173
161
164
170
170
169
171
168
172
173
166
167
177
180
179
180
184
186
182
185
184
185
173
179
160
174
180
174
180
175
177
176
179
174
169
181
176
184
166
179
176
170
171
161
157
146
173
164
149
157
162
155
178
169
191
178
168
175
157
151
158
156
159
142
148
147
145
135
146
137
130
124
118
121
119
132
141
127
135
119
128
115
108
107
98
99
96
110
102
96
90
82
96
86
94
92
85
84
77
84
77
76
72
67
79
72
80
85
77
77
71
81
78
83
87
81
88
87
112
119
128
130
118
123
120
145
162
149
154
148
145
148
136
134
142
132
121
131
134
152
147
146
141
151
161
164
185
184
192
198
191
194
202
214
223
233
233
238
255
254
269
268
286
297
306
311
319
317
341
339
357
365
373
390
388
399
407
407
434
432
448
463
462
478
486
493
502
503
518
527
531
541
548
558
562
573
586
591
597
602
616
621
630
633
640
643
642
642
641
642
642
643
642
642
643
641
642
641
641
642
641
643
642
642
643
642
643
642
643
642
642
641
642
642
641
642
641
641
643
641
643
641
642
642
642
642
641
641
642
643
642
641
642
642
637
635
631
619
617
610
599
591
581
571
562
552
542
533
523
517
505
498
259
450
450
447
442
436
431
422
418
414
404
394
388
381
369
358
223
318
361
381
394
381
371
248
204
277
454
540
575
562
535
506
466
418
370
336
297
262
231
213
173
137
95
0
0
0
641
643
643
643
643
642
642
624
590
571
553
548
543
540
543
531
542
535
541
544
538
542
540
535
537
525
530
519
515
512
500
497
485
481
480
467
459
447
443
433
425
419
417
411
416
389
385
380
377
374
374
360
359
354
353
346
343
351
334
344
336
329
335
330
329
334
325
323
325
320
324
333
321
325
317
320
321
315
316
316
314
315
314
312
317
312
311
312
311
320
309
313
317
314
316
313
311
307
317
307
311
320
321
320
326
318
322
328
328
330
336
336
331
331
338
342
343
346
343
343
346
343
346
349
351
354
357
348
352
353
357
351
361
352
353
361
350
360
350
349
361
348
357
354
350
352
348
359
347
352
343
348
345
343
350
342
347
347
345
340
337
332
337
332
334
339
339
335
331
339
332
335
328
331
330
323
324
321
331
331
321
324
322
319
330
318
319
313
321
328
316
320
311
309
315
311
308
308
304
312
307
303
304
300
304
302
301
303
296
294
304
299
295
292
288
284
284
281
278
277
280
278
295
283
277
272
271
265
261
261
250
254
256
254
248
249
246
239
238
246
243
244
244
239
233
233
223
234
237
226
228
226
225
218
221
224
225
219
209
218
220
213
219
206
209
225
209
209
207
204
200
206
196
191
192
184
195
199
179
186
173
182
180
170
175
171
170
177
172
178
165
167
179
170
180
171
155
169
160
168
170
155
175
157
155
169
160
188
168
162
162
155
166
149
139
135
124
144
131
117
113
103
104
98
98
104
101
105
97
98
104
92
83
78
79
76
72
76
76
85
96
87
84
79
75
74
67
76
78
77
78
71
73
76
86
91
86
83
80
83
92
83
76
70
75
81
77
87
82
85
80
88
113
129
164
161
171
171
195
192
212
210
213
243
261
261
263
250
289
292
298
307
330
337
360
373
402
421
441
438
474
493
501
528
543
568
581
602
609
634
642
643
643
642
642
642
642
643
641
642
642
642
641
642
642
642
642
643
643
641
643
642
642
643
642
642
643
643
642
642
641
642
642
642
643
643
642
643
642
643
642
642
641
641
642
642
643
643
642
642
643
643
642
642
642
642
642
641
641
641
643
642
642
642
643
641
642
641
642
642
641
643
642
642
643
641
642
643
641
643
642
643
642
642
637
633
625
641
638
639
641
641
643
641
642
642
642
641
641
643
642
640
641
642
641
617
598
580
557
541
521
496
477
459
443
420
399
387
367
347
336
318
297
291
264
244
228
212
199
193
178
162
144
130
106
157
189
202
196
180
160
142
125
112
102
91
85
95
99
100
99
99
100
103
100
105
116
124
134
133
139
140
134
145
159
160
167
166
170
178
175
189
186
189
192
200
198
202
203
210
207
203
210
213
222
215
216
221
228
221
229
230
232
234
235
235
238
240
242
253
235
239
237
244
253
245
247
252
253
253
253
254
257
255
257
262
266
265
270
267
269
275
274
276
275
279
279
280
287
290
287
284
289
293
296
295
299
299
305
305
303
303
303
306
311
314
313
314
320
319
323
320
321
324
328
327
325
326
334
329
331
333
334
334
338
341
338
340
343
344
349
348
349
353
354
353
354
355
356
363
364
365
372
372
369
370
374
375
379
382
382
386
383
383
386
392
388
390
396
390
390
394
400
399
396
401
399
403
398
400
406
413
403
407
408
409
406
408
411
418
409
409
411
407
412
410
410
417
416
415
418
417
415
418
421
419
420
420
422
418
414
415
423
417
416
416
414
415
414
414
416
413
414
419
414
413
407
407
407
411
409
410
407
402
400
