49
45
44
44
46
46
51
52
47
46
44
45
47
43
47
47
50
60
55
57
52
47
58
53
52
49
51
50
48
51
49
47
54
60
58
57
57
53
49
45
46
47
52
48
46
46
47
44
40
42
42
42
49
46
53
53
51
50
49
46
43
50
46
46
43
41
44
46
48
44
40
47
46
46
43
43
40
43
42
40
37
39
39
41
44
43
44
47
52
50
51
59
58
56
52
56
58
54
49
45
45
45
46
44
42
44
49
55
56
67
82
74
68
63
69
66
65
59
57
57
56
54
55
50
47
50
48
48
49
50
56
52
49
49
46
49
58
56
53
56
56
60
77
74
70
67
65
65
60
67
68
67
66
62
60
53
57
59
55
69
69
68
63
64
64
62
57
66
64
62
61
59
71
68
72
75
73
71
66
67
70
67
85
81
84
79
73
86
89
94
89
86
86
84
82
79
87
89
94
93
92
97
92
83
81
84
84
79
82
80
80
84
79
80
91
91
91
89
90
86
89
85
86
92
91
84
82
83
77
75
71
76
68
64
73
92
97
101
89
80
96
110
115
112
113
121
130
123
115
116
120
116
112
112
110
109
124
147
140
136
128
157
164
176
174
159
143
128
137
141
137
132
125
114
119
129
147
146
134
129
118
106
113
123
147
142
135
125
114
104
94
108
106
104
110
100
88
94
90
89
86
91
95
95
88
89
93
84
84
87
80
79
87
87
86
87
85
86
88
82
73
73
75
85
88
79
92
93
84
86
95
96
87
86
86
90
97
87
82
80
78
74
77
81
85
84
93
86
79
82
89
85
86
88
86
92
84
79
76
73
75
79
85
80
78
79
77
101
205
251
278
274
287
281
262
247
231
221
201
187
172
159
146
132
125
116
118
112
104
108
110
109
98
91
85
87
84
100
96
88
86
83
79
90
93
90
82
76
79
78
83
80
82
85
79
81
83
83
80
78
76
73
72
69
73
72
75
69
65
71
71
70
69
72
66
69
69
68
64
69
67
69
69
74
71
63
64
77
75
75
80
80
78
86
79
73
69
66
62
66
73
76
71
68
65
61
56
53
55
49
48
48
46
62
71
64
65
63
59
57
62
60
58
59
56
53
61
62
68
76
77
75
72
63
61
65
70
68
65
67
62
59
58
58
56
58
62
55
53
58
68
67
61
66
76
71
72
68
63
68
72
63
66
76
84
82
80
77
77
70
64
77
79
74
68
74
75
84
76
69
66
62
61
60
62
58
56
54
61
57
57
59
57
53
49
47
50
50
55
53
50
48
52
56
65
65
68
60
55
55
55
53
54
55
55
53
51
48
44
42
39
45
53
51
54
78
91
87
79
75
71
66
63
58
54
51
45
45
59
54
51
45
42
40
39
54
53
57
53
55
60
65
63
65
62
64
61
57
54
52
49
46
52
54
52
47
46
50
48
49
48
51
56
59
54
53
49
48
56
55
57
54
53
48
49
43
50
52
50
50
55
55
52
51
48
47
47
44
43
45
51
54
64
66
62
64
59
53
50
45
43
44
42
49
46
41
39
38
48
47
50
46
50
47
51
60
57
59
58
53
49
53
52
56
65
63
63
60
57
52
56
57
52
54
52
50
53
48
48
44
42
44
50
50
49
48
52
50
46
44
38
35
34
34
48
49
47
43
41
45
51
51
79
92
112
119
127
117
111
106
113
127
116
111
111
117
107
97
92
96
87
82
79
80
81
76
79
76
70
64
62
58
57
58
70
78
71
67
61
60
58
53
51
51
53
49
48
46
47
47
47
51
50
47
48
47
55
53
61
66
69
64
64
67
63
64
81
97
87
84
90
87
82
77
80
78
71
67
71
64
67
77
72
67
68
62
60
65
62
64
67
64
60
58
62
59
62
64
65
70
68
74
65
63
65
70
70
63
66
67
68
62
63
68
74
75
75
73
67
72
69
70
70
66
67
66
67
65
59
61
57
64
85
81
76
72
68
64
66
74
70
71
67
61
60
58
68
65
65
63
59
57
57
66
71
66
60
66
73
72
66
62
59
56
55
51
48
47
41
42
46
46
43
42
40
43
45
52
66
63
57
54
50
58
62
57
53
49
58
54
55
55
57
56
68
71
64
65
66
61
57
58
58
66
67
74
66
64
