74
70
85
83
80
78
77
74
70
70
63
59
58
56
74
80
73
67
61
59
79
87
80
87
89
87
86
85
78
72
78
84
87
86
83
84
83
79
76
77
71
68
68
62
62
57
59
59
60
58
60
53
53
57
58
53
60
71
67
72
77
75
69
71
66
78
78
76
70
83
84
76
71
70
66
73
78
72
66
67
68
64
70
70
71
73
79
72
68
67
64
70
75
71
72
74
85
95
95
98
95
102
109
103
124
118
124
127
124
133
131
132
126
120
121
114
121
115
115
105
97
91
90
110
109
99
102
105
101
103
105
119
129
127
129
144
162
175
163
147
146
155
153
148
149
147
136
125
134
142
137
136
134
117
140
135
126
127
127
116
109
104
135
131
128
129
139
128
116
104
98
91
100
106
103
103
94
90
85
87
90
107
102
102
104
116
138
132
124
112
108
133
154
147
133
132
139
138
145
145
137
149
146
146
135
130
129
146
157
160
152
135
138
140
147
136
122
114
116
104
108
112
110
113
105
108
113
109
122
123
108
103
102
106
96
94
85
90
82
84
96
98
115
114
108
103
96
98
103
107
104
98
103
111
105
101
97
92
90
84
83
95
94
103
110
102
99
97
92
89
83
86
78
85
83
76
70
63
56
51
47
44
40
40
49
56
57
52
47
49
51
51
52
54
56
51
50
49
54
54
57
53
49
58
73
71
72
67
68
84
85
82
77
85
102
121
127
124
122
141
130
130
119
119
114
125
139
137
148
141
134
128
144
138
141
132
119
114
109
99
94
86
83
105
104
107
99
89
86
82
78
83
82
84
81
89
89
82
74
77
88
84
86
84
78
82
96
102
94
91
85
78
69
67
68
68
68
68
73
74
74
69
70
63
71
73
80
76
75
93
104
99
96
93
97
88
88
82
85
85
83
83
76
80
88
79
87
81
77
85
80
73
73
71
74
71
66
73
75
88
86
91
80
83
88
92
82
84
87
87
105
99
93
83
76
80
84
97
88
79
77
101
119
106
102
96
111
112
101
94
86
81
93
90
85
82
95
94
101
98
88
94
89
94
90
82
78
73
83
84
78
73
80
83
79
79
74
77
74
69
70
84
78
73
76
74
87
85
82
98
101
97
87
85
82
82
79
73
72
73
67
76
75
74
69
72
78
90
80
81
79
88
86
104
116
108
110
97
97
98
99
101
110
112
114
112
114
110
110
107
104
114
106
113
101
100
93
93
94
87
90
104
123
112
117
128
121
130
120
120
129
124
122
118
138
146
147
141
144
140
136
139
134
129
131
125
138
143
148
146
147
142
127
141
137
153
164
149
140
140
143
138
132
135
139
169
182
176
174
176
172
162
152
147
139
128
119
129
142
148
144
147
167
157
157
155
178
199
188
171
153
141
131
130
115
110
101
111
107
115
128
118
116
116
102
95
101
115
128
119
111
100
103
99
117
120
113
118
111
104
96
96
94
103
118
135
162
172
178
178
179
181
167
165
172
171
157
143
135
128
129
122
109
118
132
142
143
139
128
117
111
119
113
115
104
101
94
113
101
95
91
85
95
99
98
90
80
80
93
89
86
78
85
109
107
103
104
100
125
120
115
133
139
133
154
143
136
130
124
121
128
125
140
138
140
129
117
132
140
147
151
139
144
143
159
170
165
150
138
166
169
170
157
155
150
134
128
117
118
125
121
124
118
117
109
123
127
115
113
122
116
113
103
100
112
105
99
95
106
103
98
94
91
83
95
97
106
97
92
96
100
95
107
126
114
109
98
104
99
99
101
98
89
84
89
100
95
92
91
87
96
94
89
89
89
100
94
97
98
95
112
110
122
118
119
127
113
105
97
116
133
126
114
114
116
116
109
104
108
117
116
116
109
113
109
104
117
119
121
114
104
108
130
121
120
114
111
124
127
116
116
115
106
99
98
108
100
119
137
133
132
129
129
120
128
140
139
141
144
145
156
145
137
145
139
157
147
156
151
150
133
142
141
129
134
125
121
109
126
122
114
110
109
103
95
95
91
91
103
105
105
101
100
97
95
88
92
96
100
98
91
89
97
92
106
115
120
142
148
159
157
154
161
147
158
162
154
141
138
135
131
120
108
134
157
155
144
136
139
136
139
140
136
143
146
148
145
154
167
150
145
150
152
138
139
131
96
147
123
136
165
176
163
186
175
154
157
179
186
193
199
182
191
200
202
204
181
178
215
201
188
177
165
170
166
159
156
172
165
167
152
147
196
205
217
199
181
169
179
202
203
189
181
183
168
150
166
157
153
163
159
145
133
127
138
146
180
175
157
143
144
155
164
173
176
167
151
140
158
163
148
142
132
127
133
122
115
109
127
135
129
136
126
127
125
118
129
143
148
147
144
148
150
144
145
148
144
134
145
164
186
181
175
159
141
134
132
128
126
124
119
118
110
108
121
114
108
101
101
103
102
99
88
79
80
81
99
93
88
99
146
168
162
167
184
176
244
254
275
260
264
281
254
238
218
217
217
207
196
187
174
172
179
169
171
162
157
157
157
148
144
150
148
129
121
140
160
137
126
115
131
138
126
153
147
147
145
148
145
142
126
121
113
106
120
113
129
128
116
111
106
94
92
99
106
111
109
112
104
103
92
84
82
92
98
107
101
104
105
99
109
110
114
107
108
117
109
108
103
96
96
102
97
93
95
100
98
99
99
94
108
102
93
93
98
109
95
87
93
91
92
102
101
94
86
86
88
81
83
86
87
84
78
74
81
97
109
110
100
97
97
94
100
99
96
92
87
96
95
89
81
74
74
73
74
68
72
74
80
77
77
73
79
80
79
75
94
91
83
79
91
100
94
88
81
83
88
92
99
101
98
94
93
109
106
103
105
98
98
95
102
111
108
106
99
92
84
82
85
81
76
84
100
94
96
91
96
97
97
99
95
109
102
105
100
94
86
80
78
93
94
88
78
85
96
96
106
102
101
95
90
89
82
72
69
93
108
107
97
87
87
88
86
81
81
73
71
80
74
72
88
85
79
