84
82
81
74
66
73
75
75
78
78
73
79
73
70
65
61
63
70
64
59
61
70
68
68
69
66
81
100
91
85
80
80
79
98
100
97
88
80
72
69
67
70
80
79
81
85
84
89
82
84
86
81
76
70
71
66
72
75
70
66
64
63
63
61
55
55
57
54
56
56
60
64
61
61
61
59
53
68
66
69
67
77
83
78
85
79
81
73
64
60
60
56
57
74
81
76
70
67
67
64
73
88
86
83
76
71
76
72
85
90
82
82
79
74
70
72
78
82
79
72
71
68
66
64
64
76
76
73
69
69
69
68
72
77
78
86
80
94
103
93
94
85
83
100
111
117
131
121
112
114
101
102
129
138
130
128
121
134
132
129
122
119
108
100
94
98
118
108
103
105
101
107
120
114
112
115
107
105
108
124
149
159
143
158
163
150
142
139
125
118
121
114
121
128
135
131
136
146
150
160
172
162
156
165
151
149
146
131
133
142
137
132
129
132
126
129
129
137
130
132
123
127
135
139
154
155
151
144
153
177
185
183
192
200
203
190
175
196
210
202
207
228
217
205
203
212
214
220
212
199
227
223
215
229
226
207
196
177
160
158
179
177
183
198
198
184
202
210
214
208
189
185
185
174
159
168
164
165
172
153
143
154
166
160
169
169
162
164
159
154
146
139
137
143
135
132
135
150
140
140
141
149
158
153
136
122
115
121
109
127
122
109
108
120
136
176
175
164
152
151
145
151
142
133
125
131
135
133
136
144
165
152
144
152
153
143
135
124
120
121
118
108
112
109
122
128
136
150
159
163
156
140
140
137
151
148
147
153
150
154
153
136
131
120
124
135
132
129
128
132
123
121
113
106
112
107
101
95
97
100
96
97
93
96
115
109
105
96
90
108
127
141
129
116
112
107
127
140
139
162
174
186
180
173
190
212
215
211
204
210
200
184
177
159
151
150
160
172
179
164
153
142
148
155
148
156
149
136
126
113
112
111
116
130
127
124
115
135
126
130
119
134
120
119
119
107
108
117
117
121
133
123
128
120
134
152
150
149
139
133
149
145
136
126
119
122
130
144
143
143
141
131
126
123
112
121
117
121
131
129
129
126
125
112
112
114
117
125
127
121
110
107
108
100
98
101
104
103
98
97
90
97
103
105
104
119
118
117
125
124
113
123
122
126
116
115
117
125
130
133
128
119
144
166
160
173
160
157
170
166
157
143
138
133
133
124
123
133
145
154
151
149
155
161
161
148
144
134
130
128
127
115
106
102
111
121
116
113
105
111
105
106
101
94
110
122
123
130
134
132
135
139
137
133
132
124
120
138
152
139
127
125
123
114
105
110
106
106
104
110
120
122
130
125
118
109
108
149
152
139
129
135
120
125
127
125
134
124
119
129
126
122
124
129
127
125
135
128
124
131
164
174
168
152
159
170
182
175
179
204
219
200
198
181
174
179
193
223
249
230
221
203
196
186
195
186
175
162
164
153
158
152
170
170
167
167
153
148
148
161
171
180
177
173
177
159
178
202
194
182
166
173
166
204
223
217
237
248
231
238
235
226
206
200
194
183
166
159
153
146
146
161
143
136
127
137
125
129
146
179
180
172
165
158
154
141
145
136
132
142
189
196
217
207
203
190
203
218
195
179
178
188
212
223
198
195
183
193
204
203
191
184
178
172
185
171
176
173
160
157
151
144
141
136
137
148
141
136
138
154
147
139
161
176
200
193
180
160
146
141
138
133
126
120
114
113
144
181
181
181
173
171
169
199
204
186
195
181
169
174
168
163
156
173
190
190
193
179
163
153
152
150
140
146
146
141
138
134
134
144
160
158
159
146
138
146
146
132
121
129
131
141
128
119
113
107
109
112
106
117
128
121
127
132
121
122
126
124
134
142
131
126
117
116
116
120
126
150
146
135
131
121
118
111
118
129
125
117
112
111
101
97
97
103
111
106
96
100
105
105
97
98
95
97
97
104
105
116
109
123
127
130
137
134
122
123
116
109
101
96
94
88
96
94
89
102
118
140
134
123
120
114
149
153
148
134
126
119
107
118
124
131
121
123
114
106
99
93
94
97
99
96
99
88
85
81
83
78
94
85
83
83
80
80
97
105
115
114
117
116
116
131
130
133
136
142
124
128
133
137
147
149
133
121
119
111
98
90
82
93
88
84
94
86
88
96
100
100
107
113
108
112
102
92
99
101
101
98
109
112
111
112
107
99
114
114
118
115
122
114
114
111
108
102
108
103
112
114
105
103
100
95
114
116
126
134
126
127
121
112
107
102
112
136
124
128
125
116
142
141
152
157
145
139
143
146
138
141
143
129
119
111
107
125
141
136
136
128
126
143
145
151
144
139
145
140
133
148
148
149
150
174
187
170
177
182
184
194
221
225
220
231
237
225
217
206
212
214
205
218
204
209
217
201
212
197
188
227
262
281
256
241
238
231
220
217
198
185
164
152
143
141
158
162
154
151
145
133
147
141
141
136
160
182
174
167
163
156
155
150
153
150
151
158
156
147
161
162
166
198
198
187
179
201
212
207
197
194
175
172
182
191
176
170
176
188
186
175
162
160
162
165
165
162
158
151
142
141
132
131
122
138
143
175
174
172
164
150
152
153
139
154
169
163
179
184
165
151
146
155
164
156
146
139
146
169
165
152
167
160
154
144
134
135
126
126
132
139
142
149
141
138
160
149
148
145
139
149
144
138
135
141
145
134
150
152
156
172
181
178
196
190
202
204
193
188
178
177
173
168
164
168
155
163
174
172
172
159
160
152
147
135
128
132
140
147
145
141
141
124
127
132
152
149
160
155
150
154
149
145
145
136
131
139
149
135
130
130
130
131
128
120
118
113
111
132
130
123
119
112
103
101
100
98
94
85
83
88
90
89
89
95
98
119
132
130
122
126
113
125
120
125
130
118
110
110
107
116
123
119
106
109
106
108
105
99
92
86
84
92
93
90
87
89
91
102
116
112
112
101
93
116
115
119
116
110
105
102
116
116
106
107
108
105
108
116
115
109
104
95
90
129
149
145
143
134
138
130
124
125
127
113
102
96
100
118
115
110
102
95
90
102
95
95
89
91
90
88
91
89
92
97
99
107
108
98
96
99
113
123
117
125
136
132
141
146
136
136
132
126
115
115
109
100
104
104
97
99
101
93
89
86
87
88
83
88
95
97
100
96
101
92
92
84
86
82
79
78
72
76
83
81
74
70
72
67
75
75
79
76
85
82
83
92
84
86
92
101
91
88
82
84
94
106
108
105
100
107
104
114
122
113
111
110
115
121
130
119
106
109
110
110
111
102
93
95
87
94
92
98
97
89
85
82
79
75
76
79
76
106
127
118
108
97
91
98
94
91
81
75
72
70
68
68
72
80
75
75
81
85
85
90
85
80
74
73
77
75
68
67
64
65
74
70
68
68
72
72
67
68
73
71
74
77
90
93
83
76
90
93
90
88
82
79
82
82
79
75
74
70
67
69
74
75
74
