71
66
61
57
52
49
51
50
50
57
54
49
47
62
58
52
50
52
58
51
49
47
44
69
72
88
102
116
122
131
134
125
115
131
120
126
127
126
146
151
143
156
151
148
157
150
149
159
148
147
140
131
142
139
154
153
142
127
135
134
136
161
159
165
214
203
185
170
162
149
137
128
127
139
136
129
123
116
107
106
132
125
118
153
145
138
132
124
123
111
118
107
108
97
96
92
97
96
95
101
92
86
79
71
63
57
60
64
61
56
54
55
55
52
51
48
49
42
40
37
36
32
34
33
37
35
33
31
28
27
27
26
28
28
36
34
32
33
31
29
35
38
50
52
52
51
47
53
50
60
74
83
76
68
65
67
62
56
50
46
43
43
40
39
39
39
38
39
39
39
41
37
33
33
30
33
34
43
43
41
37
37
37
36
34
33
35
37
36
34
32
32
31
36
44
44
44
43
39
41
43
42
37
38
36
37
33
32
30
32
35
38
45
47
44
48
43
40
36
43
40
43
42
40
36
41
45
42
44
44
52
52
49
53
53
49
52
50
51
52
55
51
51
52
50
47
44
43
53
54
54
52
50
49
50
60
76
90
145
155
141
129
115
106
106
110
113
112
103
96
91
88
90
83
83
83
81
76
77
72
78
76
69
66
65
66
72
66
64
61
58
57
60
65
65
74
74
74
75
77
70
70
68
85
99
94
89
90
87
84
78
74
67
76
86
85
80
76
75
77
73
84
80
87
85
77
71
69
94
88
91
100
96
94
95
92
99
101
95
92
84
86
79
81
83
74
71
68
67
62
62
75
81
78
78
76
80
86
100
92
99
101
98
109
114
128
119
113
113
106
105
107
100
107
118
116
114
107
105
106
105
115
112
111
102
118
116
110
97
92
100
95
96
95
106
95
87
87
79
77
81
83
84
82
92
86
82
76
70
70
69
79
73
68
77
87
91
88
95
499
525
537
169
242
285
336
376
373
396
424
425
446
443
430
418
406
404
403
393
384
356
354
340
328
311
312
311
312
289
270
271
258
249
240
226
217
211
225
214
193
185
178
174
176
157
149
168
150
142
136
130
121
125
139
138
134
129
117
111
107
101
96
89
84
90
93
90
87
85
80
77
80
85
86
86
80
81
84
77
81
73
69
73
75
71
73
70
67
74
68
63
66
68
68
79
73
65
62
57
54
53
54
56
55
54
58
55
55
54
63
71
73
72
75
73
71
69
81
91
90
82
90
97
104
113
112
112
118
106
99
94
95
93
88
88
87
80
75
79
83
87
91
91
83
83
79
88
82
81
76
69
73
85
87
83
88
81
73
78
89
81
83
81
77
75
74
88
86
90
86
88
90
83
84
83
82
86
85
84
87
83
77
95
108
110
103
102
95
90
83
81
78
77
72
69
70
72
76
95
95
93
91
85
80
74
92
108
107
105
102
99
97
92
90
83
83
92
96
87
78
76
75
89
81
75
78
85
82
77
71
69
74
80
82
78
77
76
73
85
87
80
83
87
87
87
87
84
95
96
102
181
308
351
369
373
401
397
397
391
377
360
348
359
424
416
414
393
378
355
345
321
297
283
264
264
249
244
236
220
196
189
185
165
156
145
144
133
130
123
115
113
115
111
106
108
107
106
105
105
101
112
104
99
100
92
85
88
83
91
98
104
104
107
99
91
94
97
108
110
106
104
102
109
105
110
108
106
108
99
89
95
99
95
122
130
133
125
116
118
108
122
129
129
119
113
106
108
119
125
127
153
137
131
135
127
118
119
110
106
103
109
101
103
103
96
96
105
100
107
102
93
104
104
101
114
112
112
110
101
97
95
93
91
106
110
105
103
103
119
117
112
118
111
105
134
135
129
123
116
109
114
107
111
102
92
89
98
92
83
77
77
88
83
84
87
108
110
100
94
97
87
91
92
90
94
87
82
82
81
116
118
113
104
104
102
104
104
105
103
106
109
107
100
101
95
89
92
100
94
101
100
98
104
107
110
99
104
109
104
107
110
105
105
103
103
106
105
109
105
105
111
108
107
113
116
112
114
107
104
104
100
97
102
107
99
96
93
97
92
90
91
100
94
91
91
90
91
90
91
96
89
81
83
85
86
84
91
88
87
83
81
78
79
80
76
71
70
65
60
69
71
71
69
64
60
64
57
55
54
53
57
55
54
57
54
54
49
52
49
45
45
48
46
46
43
42
44
43
42
44
42
42
42
45
48
50
46
45
45
48
45
40
44
41
40
43
52
50
45
43
40
39
39
41
41
39
38
36
38
36
35
36
34
30
29
27
26
25
24
26
25
23
23
21
21
24
23
25
25
29
27
28
27
27
28
30
31
34
33
31
28
27
25
27
27
27
27
26
26
30
29
29
