108
101
95
93
93
104
107
101
106
97
122
117
105
98
102
101
94
90
96
94
99
95
85
83
77
88
87
81
80
71
66
80
82
83
82
77
85
86
91
91
95
104
98
90
94
87
83
96
88
102
101
94
91
85
85
99
95
99
99
104
101
98
90
84
104
102
126
136
129
122
115
115
118
117
124
121
116
117
114
124
123
129
134
124
120
126
135
132
152
171
179
180
177
163
166
168
201
193
197
180
196
189
189
200
201
187
208
208
206
231
225
221
202
200
213
224
222
212
207
198
196
198
196
189
184
190
194
191
208
201
198
203
192
194
197
199
211
192
187
181
180
225
251
230
213
231
235
219
235
216
199
208
216
206
204
189
199
195
188
174
156
151
159
161
151
163
168
156
164
150
144
158
163
169
157
172
161
203
185
235
215
224
219
199
221
236
224
220
199
205
222
232
217
214
195
198
195
178
188
179
183
178
180
185
181
203
207
217
271
270
269
233
212
233
208
207
230
206
203
180
171
198
214
212
205
236
239
227
229
234
230
236
231
217
201
227
233
236
260
243
248
236
241
233
226
205
221
202
197
201
219
223
206
222
215
224
208
240
264
263
259
254
270
310
307
294
301
320
318
295
287
292
314
307
291
280
277
255
257
246
246
237
243
253
271
299
279
343
328
321
293
337
352
345
373
368
358
354
348
344
350
352
341
357
340
311
333
362
347
313
343
341
355
368
340
337
349
332
338
353
374
373
398
393
415
442
429
421
412
420
423
416
408
403
446
423
429
417
431
434
430
409
410
430
411
415
419
399
394
402
385
407
380
370
366
388
376
367
355
371
372
367
365
349
368
356
343
338
358
332
349
345
341
329
351
337
325
319
332
323
335
324
335
341
317
320
321
314
318
319
326
330
310
317
327
303
305
311
315
298
314
295
290
287
268
291
280
258
267
255
261
256
253
247
238
248
250
238
221
237
222
237
219
220
219
213
219
214
205
201
191
185
185
180
211
201
211
193
180
193
183
173
177
172
188
172
171
187
170
166
189
187
198
182
174
165
203
210
187
184
200
186
172
175
161
172
158
156
149
151
154
158
142
144
157
156
188
190
177
174
165
167
160
159
163
154
151
155
142
127
145
152
144
153
159
147
150
144
132
119
133
140
139
135
136
125
133
142
144
148
161
157
149
137
143
133
146
145
130
124
125
118
116
109
121
129
124
112
113
112
110
112
111
114
113
109
124
134
133
126
121
127
117
115
126
131
142
144
134
146
152
148
161
159
157
156
165
160
162
146
132
135
142
136
124
124
126
125
139
138
146
161
150
144
140
151
137
147
139
135
141
142
135
142
134
135
124
119
147
139
137
135
135
131
134
129
129
122
157
155
155
163
152
136
123
134
140
140
140
151
139
133
150
145
136
136
157
153
143
145
142
155
171
164
170
158
164
166
177
193
175
167
158
157
149
143
150
138
141
153
158
161
151
141
141
145
153
153
149
142
143
129
126
135
169
176
222
229
214
224
206
197
201
195
188
186
186
252
238
242
224
201
200
200
211
206
193
189
174
165
188
175
162
172
190
180
178
182
168
176
176
165
175
165
157
154
174
184
177
179
182
175
180
180
183
179
166
158
181
182
178
180
172
169
163
148
145
156
154
147
138
135
136
126
143
155
156
160
166
173
178
176
168
166
157
162
169
172
161
167
174
211
195
186
177
183
175
161
169
173
171
167
150
164
186
187
183
172
186
191
183
167
158
146
156
159
169
164
163
152
153
151
135
128
118
131
132
124
118
118
116
107
118
127
138
133
143
146
141
130
128
114
107
101
96
98
110
111
104
100
126
158
185
191
205
242
217
201
178
163
198
201
201
186
222
212
212
194
184
173
176
178
175
171
162
153
143
144
160
173
186
183
192
190
181
168
159
161
167
161
162
153
140
150
163
160
160
150
142
133
147
152
147
148
142
190
189
171
161
163
190
191
177
175
168
151
148
156
145
166
167
172
161
149
144
136
128
124
123
137
142
160
157
156
161
153
143
135
122
125
134
126
127
122
123
117
126
131
130
128
116
116
120
109
126
124
113
110
122
118
119
110
104
113
115
112
105
105
95
91
87
82
105
110
108
103
101
96
102
109
111
123
128
158
145
140
132
120
126
136
126
123
112
103
91
109
114
116
112
106
105
98
108
108
112
109
108
111
115
115
134
139
152
143
155
153
141
137
155
137
131
119
114
106
111
110
112
111
99
89
96
98
109
112
104
94
95
93
103
103
111
108
105
106
95
91
91
94
95
93
97
95
92
87
90
111
107
109
104
105
102
98
98
96
92
101
105
100
93
92
111
102
103
108
103
95
92
91
91
86
102
107
97
95
95
102
100
105
105
110
114
112
114
109
109
112
105
102
110
100
99
108
103
108
104
100
102
105
97
99
100
99
