21
20
18
18
17
14
15
16
17
15
14
13
13
14
12
12
12
12
14
15
14
12
12
14
12
15
17
15
16
16
15
16
16
13
14
15
17
15
16
15
15
16
16
16
15
15
14
14
13
13
11
12
14
19
18
16
17
16
17
16
15
17
16
18
16
15
17
13
17
18
18
17
19
19
15
15
17
19
24
23
20
18
20
20
20
24
23
23
20
20
18
17
25
26
24
22
22
23
23
20
25
24
22
21
24
22
20
20
20
22
24
24
25
24
24
25
25
24
24
24
24
23
24
28
28
25
23
21
24
23
23
22
25
29
28
34
36
36
46
48
67
76
104
111
153
256
425
418
482
545
487
456
424
420
429
406
405
468
476
491
484
496
605
642
642
642
642
643
641
642
642
641
643
642
643
642
643
641
643
642
643
641
629
592
552
543
483
448
424
424
397
381
386
350
330
351
335
299
278
263
266
248
224
246
261
259
260
258
254
253
285
293
283
288
299
287
291
277
272
255
273
278
296
298
297
287
293
272
280
259
248
264
247
237
233
230
269
286
299
298
329
472
455
522
506
472
455
427
402
450
425
487
499
461
417
400
415
385
355
322
335
305
293
313
302
327
332
331
346
381
378
469
465
429
455
463
518
604
642
642
643
643
637
643
643
643
623
613
596
573
621
562
536
558
565
545
509
498
461
434
418
407
367
377
389
380
406
377
344
321
311
293
297
274
272
278
278
262
274
272
261
253
242
249
253
253
230
239
216
212
227
222
227
224
248
242
228
242
231
227
230
223
225
223
221
209
211
212
234
235
229
242
253
249
267
268
261
274
267
287
279
353
359
368
365
369
380
357
417
388
373
435
431
410
396
377
444
462
469
486
469
457
460
481
461
468
528
484
461
420
375
328
288
354
330
313
300
274
252
248
254
293
315
343
357
341
372
416
472
551
580
609
594
642
629
621
607
641
643
642
641
580
576
641
641
625
582
577
641
616
573
544
534
504
490
456
454
421
416
397
374
359
359
332
309
340
321
293
303
382
352
327
302
297
316
300
311
288
272
262
281
295
276
267
264
263
257
280
280
260
276
261
312
290
270
257
258
257
236
230
230
224
213
229
221
243
242
244
237
249
251
237
234
234
247
252
243
275
253
250
256
237
240
239
234
250
235
248
225
223
236
238
241
235
226
229
237
238
247
258
271
254
263
267
279
286
268
267
301
289
276
273
252
249
240
248
249
263
277
248
301
276
265
246
276
286
268
266
262
252
232
218
216
231
229
262
261
257
250
276
252
262
271
283
262
254
243
250
247
255
273
262
245
236
228
223
213
206
210
199
198
201
186
181
171
169
172
170
166
166
183
227
221
212
205
192
189
220
217
281
279
258
241
251
254
268
276
249
234
219
234
252
266
302
315
324
289
260
233
232
218
208
212
214
192
177
192
188
195
212
200
185
168
200
197
196
206
200
190
199
181
177
173
225
216
241
245
236
231
224
239
225
231
231
228
221
216
192
192
182
199
217
201
209
209
207
223
219
237
270
258
259
228
223
212
250
252
287
266
300
308
278
296
310
334
324
301
276
270
253
267
277
287
315
301
367
437
441
453
425
404
377
380
359
351
338
331
333
302
309
304
297
266
282
262
283
324
304
284
252
235
257
240
233
250
243
229
212
198
194
198
233
256
268
276
246
224
222
206
194
215
206
192
192
185
169
160
148
159
149
150
146
153
140
134
164
171
162
156
159
154
157
159
150
154
155
169
164
164
208
195
182
178
168
170
168
183
200
185
196
184
177
183
217
229
219
242
256
245
225
215
197
193
189
213
210
209
205
198
212
202
232
265
273
276
272
262
235
234
258
278
257
292
285
287
263
249
299
288
272
305
355
336
321
311
321
320
340
341
358
341
318
326
315
311
304
293
314
294
269
245
269
297
299
303
278
296
281
258
249
237
238
223
212
198
198
179
160
144
127
115
112
109
108
102
100
90
84
77
83
112
111
118
118
107
106
108
141
155
171
178
170
160
148
150
160
160
154
155
152
145
178
161
150
151
141
153
183
174
172
167
167
160
168
177
192
200
200
206
218
224
218
211
228
213
198
188
208
205
200
238
234
238
299
278
247
241
238
214
230
258
276
283
282
302
308
324
340
312
310
294
272
292
278
250
228
216
225
218
203
264
278
264
269
282
298
287
296
279
270
253
275
282
295
286
261
247
233
226
240
236
212
215
211
207
224
218
212
215
227
225
217
213
195
216
234
249
299
273
243
222
237
246
232
214
216
249
238
227
206
186
185
184
187
175
161
143
130
123
121
125
120
122
121
119
108
100
91
84
90
88
86
96
90
97
101
102
112
114
123
124
130
125
150
169
184
212
209
190
191
197
222
234
289
279
281
294
297
283
303
307
299
288
282
281
265
276
283
291
277
279
298
302
294
304
283
290
270
280
285
265
244
242
242
273
272
263
266
255
247
253
264
245
247
232
222
207
202
198
190
212
201
186
197
209
203
196
213
212
190
209
217
208
207
221
223
245
258
247
241
238
245
232
219
213
242
246
257
256
262
244
249
244
227
204
199
201
211
191
186
185
191
194
186
169
179
201
189
179
174
196
226
215
215
201
215
234
212
187
200
217
198
221
227
218
215
213
205
206
202
215
209
221
216
202
199
192
191
184
233
218
209
200
187
179
172
179
198
182
165
173
180
167
155
148
138
140
144
180
165
151
144
155
141
129
130
144
147
140
137
125
136
136
182
201
190
220
223
207
204
190
178
185
179
165
167
172
167
176
185
173
164
158
144
137
148
139
153
175
172
155
172
172
164
186
194
187
177
173
165
150
135
128
135
145
149
132
120
113
116
117
122
121
116
107
95
92
96
97
100
103
125
142
168
156
157
150
138
128
139
148
138
126
128
119
119
127
163
166
157
145
149
158
145
175
173
171
158
158
144
147
148
149
153
159
160
159
155
140
140
139
145
145
161
161
153
142
139
139
154
141
146
147
178
174
177
197
185
213
210
200
246
298
315
325
383
366
368
382
360
353
355
349
323
313
318
338
318
364
344
329
322
301
305
324
313
365
363
353
361
381
396
403
395
375
365
345
332
351
350
324
309
299
287
292
278
271
270
283
272
255
275
251
229
284
343
319
322
305
277
277
278
315
303
294
291
282
294
275
300
309
295
290
309
313
313
294
300
290
285
287
303
297
291
280
273
268
300
323
308
330
301
311
324
308
304
298
285
269
274
272
266
252
229
223
216
243
237
231
212
220
246
250
233
250
248
240
247
275
279
279
359
376
387
357
326
302
344
384
409
419
390
352
315
297
315
338
358
336
308
285
307
314
310
363
351
330
323
308
297
314
372
365
373
359
342
314
288
283
282
324
424
399
382
360
333
317
336
328
313
304
279
297
292
276
276
273
311
326
312
301
286
316
348
332
331
309
280
271
334
315
304
286
276
259
240
238
251
257
263
257
253
254
237
224
237
229
293
279
293
288
260
255
265
263
306
334
311
305
295
294
315
321
332
310
297
284
308
332
336
323
314
305
295
290
294
309
282
270
274
243
218
207
205
197
180
172
161
144
127
111
98
86
79
71
104
113
135
126
114
107
101
88
84
81
80
78
77
85
79
79
72
68
69
66
62
73
66
61
57
67
65
72
84
96
131
133
133
143
134
142
149
138
148
154
140
130
128
159
159
148
143
139
138
138
136
126
141
136
128
147
148
155
144
137
137
154
176
173
173
177
175
182
182
170
154
147
148
138
144
148
136
146
141
146
139
141
158
165
163
154
152
177
204
193
188
192
210
200
200
209
230
242
228
203
199
209
198
188
204
214
209
206
196
187
180
175
178
202
193
190
180
169
168
169
166
159
145
150
150
146
136
131
128
139
140
136
128
125
130
126
131
128
123
125
128
133
138
146
131
121
115
128
139
140
125
119
107
118
122
122
144
139
136
133
132
122
121
124
118
128
124
126
130
118
119
122
110
109
97
93
93
100
100
95
90
105
106
101
98
96
91
91
90
122
119
120
118
112
113
106
100
92
93
83
82
82
87
98
93
112
111
100
97
135
181
197
211
224
223
197
173
152
151
136
180
196
185
162
141
125
113
105
127
133
126
151
137
124
114
120
142
127
127
129
128
135
122
114
101
95
88
86
79
73
71
67
66
63
63
62
62
61
63
63
63
63
63
64
66
68
70
73
80
95
87
84
79
76
75
75
76
73
76
75
74
68
70
70
66
66
65
65
70
67
66
63
63
62
65
64
61
59
59
61
60
64
61
57
54
54
51
53
54
63
56
52
49
49
46
46
44
43
42
42
42
46
44
47
44
42
44
46
47
49
50
51
56
55
54
53
54
60
55
58
59
55
52
62
55
52
50
63
66
66
70
69
81
83
93
133
173
193
186
202
232
236
224
206
199
198
203
219
215
227
245
239
287
277
292
277
271
299
319
309
310
301
281
272
263
244
232
240
241
218
202
201
191
182
187
197
198
196
186
213
211
204
207
200
186
178
172
174
187
188
178
187
179
191
187
176
185
175
194
190
180
188
195
184
254
257
234
217
202
187
186
191
194
203
192
175
179
191
186
176
179
170
189
180
172
170
168
158
158
153
144
137
128
124
122
115
122
112
105
106
95
86
84
80
73
79
109
100
95
93
84
78
71
65
64
74
79
74
74
70
67
66
65
64
68
65
64
67
65
70
72
70
69
66
68
73
70
65
74
67
63
68
67
71
67
64
60
61
58
64
58
58
53
51
51
49
50
46
47
50
49
47
48
43
44
43
39
40
41
44
45
44
43
45
41
43
42
44
46
45
46
49
50
50
52
54
49
56
57
54
54
59
59
60
61
64
66
67
66
67
72
71
70
71
72
73
73
73
72
71
73
69
74
73
75
72
84
86
82
80
72
73
76
75
74
76
77
77
76
78
76
79
77
79
80
78
80
77
76
77
77
74
76
78
80
79
76
79
110
137
131
120
116
106
104
97
88
82
89
83
90
88
92
93
97
98
94
86
91
95
112
102
99
90
112
113
108
99
103
97
90
88
88
82
81
82
85
112
116
119
123
129
128
122
130
133
138
153
179
163
143
140
144
142
159
160
148
145
133
153
172
164
164
156
151
143
134
163
167
160
147
136
130
122
124
126
135
127
120
120
125
136
145
134
131
138
136
129
128
129
135
151
141
141
135
131
125
127
127
124
121
122
112
110
104
111
108
104
96
95
94
98
95
102
101
92
88
108
102
99
92
96
99
106
101
92
84
77
86
84
92
85
80
84
82
78
73
70
71
82
86
81
82
78
71
77
74
68
68
93
86
81
85
82
75
83
78
78
88
89
86
87
84
79
86
87
84
98
96
87
83
80
76
96
90
89
92
85
80
79
75
68
77
74
72
105
96
101
93
85
82
95
86
81
81
80
79
78
76
88
83
94
88
80
85
79
75
84
93
86
110
118
121
108
101
96
86
82
80
76
72
66
60
60
56
52
51
48
49
54
48
45
48
44
42
42
43
40
49
49
52
54
53
52
51
47
69
73
69
70
69
70
81
80
73
69
67
62
63
62
60
58
57
61
65
66
67
66
67
72
76
71
68
69
69
63
66
64
63
73
69
65
61
71
70
63
61
54
51
55
52
46
46
44
42
43
48
44
44
48
48
47
48
48
47
47
49
53
59
59
57
59
61
60
60
57
58
56
59
60
57
54
51
49
48
48
46
48
45
42
42
41
40
38
34
33
32
29
28
28
28
26
24
28
28
29
27
28
30
25
28
26
25
25
29
34
35
38
35
33
37
36
47
54
51
51
54
52
52
54
59
63
61
58
60
59
60
57
55
56
51
61
60
59
65
64
60
56
56
50
48
55
51
61
62
63
58
54
60
60
65
71
71
68
64
69
72
69
67
66
69
69
79
75
74
71
67
66
75
71
69
64
71
66
72
73
76
76
68
79
75
74
83
82
83
79
77
73
73
74
88
97
104
105
101
94
92
93
97
111
101
101
93
94
91
85
83
76
77
88
99
94
106
103
115
111
100
103
108
107
109
106
97
92
86
82
86
87
98
90
82
77
70
80
78
91
94
95
86
83
78
81
81
94
109
117
107
103
104
119
120
112
131
159
161
158
139
131
122
118
133
126
141
171
170
160
159
148
143
149
151
172
166
191
182
191
201
181
181
175
163
204
226
206
203
193
193
192
203
202
200
200
189
187
180
186
174
176
196
194
191
178
184
181
171
161
146
136
161
188
187
183
198
228
255
266
289
276
265
252
257
240
256
301
273
275
257
260
239
238
242
250
247
377
376
348
349
372
372
354
368
383
431
410
410
398
357
327
295
278
262
318
375
408
428
400
356
435
431
410
397
392
392
378
378
423
391
351
363
379
351
364
377
364
321
306
284
262
287
284
271
253
239
220
240
227
210
194
187
179
178
175
165
188
193
181
160
163
233
250
227
206
189
182
167
174
172
182
173
158
143
132
129
126
151
154
194
187
176
182
167
149
161
161
185
176
158
142
130
125
118
122
140
135
124
111
99
90
97
112
142
135
122
110
101
96
93
122
121
107
101
93
87
92
98
135
125
125
112
102
95
92
101
100
99
90
85
79
73
72
75
79
124
144
139
121
112
101
93
85
94
92
82
78
70
67
62
62
59
53
50
48
44
40
40
36
34
32
32
43
39
36
42
41
41
40
42
39
38
38
38
43
43
42
41
41
42
39
46
51
48
54
56
61
59
56
51
51
48
50
46
42
50
50
47
48
51
59
60
62
70
70
86
91
104
110
110
107
106
97
105
106
117
107
112
101
117
115
108
112
105
113
108
103
102
97
94
94
90
87
94
85
82
83
77
75
67
63
65
63
61
67
65
65
62
63
60
60
59
56
63
69
65
67
71
79
82
79
75
79
78
97
90
86
92
88
92
87
81
89
84
88
89
83
80
89
87
82
76
72
69
69
76
84
79
75
74
76
72
66
77
75
70
62
59
55
59
55
57
58
55
52
53
53
53
56
68
70
70
63
62
56
67
64
60
60
57
52
50
46
54
55
52
48
48
49
51
52
52
56
54
58
55
54
53
50
60
64
62
64
67
70
68
68
65
63
65
63
64
64
64
58
67
63
64
65
62
66
63
67
67
62
84
79
79
91
95
87
87
90
88
90
99
111
129
124
121
114
105
98
98
96
98
129
125
117
107
97
96
92
99
97
113
111
104
99
96
92
83
86
95
86
84
85
81
76
69
67
67
79
93
95
98
96
92
90
82
91
89
92
92
97
89
98
91
82
84
97
109
103
110
105
107
107
102
113
130
149
139
132
122
121
120
123
130
142
158
148
152
138
130
120
147
170
159
152
142
139
135
147
162
164
173
181
183
185
182
203
206
197
194
188
178
184
204
225
251
236
235
234
230
214
212
226
245
300
337
326
299
274
310
317
330
316
309
317
329
314
361
484
455
463
497
450
465
504
545
549
515
473
505
491
533
520
553
522
560
591
553
551
522
585
641
641
607
594
580
565
596
574
548
506
484
487
450
418
403
386
348
326
338
397
439
446
420
396
388
375
348
338
325
362
362
332
357
346
333
348
356
330
350
332
335
327
309
291
271
266
256
266
262
241
226
211
210
227
225
228
210
185
199
189
210
221
222
237
221
204
202
210
195
187
236
229
209
200
190
177
187
178
173
189
184
195
176
180
169
163
193
217
290
324
300
275
243
237
226
208
204
189
169
148
135
153
155
182
172
163
153
137
122
121
137
160
152
145
134
129
134
141
145
156
152
139
145
145
140
130
144
158
160
176
179
171
167
159
147
144
166
171
160
168
169
158
151
143
135
122
136
140
147
169
165
156
144
133
126
116
107
107
104
103
92
87
89
81
81
79
74
90
81
86
80
86
79
78
70
75
70
67
67
64
74
73
66
66
67
66
68
85
87
82
80
81
73
76
79
83
81
73
84
76
75
76
76
74
75
81
83
85
84
94
88
86
80
82
92
91
104
96
96
94
93
95
106
98
91
94
99
97
92
91
93
93
87
82
83
77
84
83
79
76
69
68
72
70
66
63
67
64
67
69
75
72
82
81
74
66
63
59
67
66
63
56
56
55
57
63
58
54
53
57
56
61
56
52
53
50
48
50
50
49
49
50
48
47
44
40
43
38
38
38
45
56
52
48
46
47
44
42
40
40
38
39
41
40
36
35
48
49
54
52
51
49
55
60
61
63
60
57
61
67
73
71
81
87
81
83
90
93
93
93
93
94
96
92
96
105
108
106
107
105
104
102
101
108
105
108
105
109
104
106
109
110
113
112
108
105
111
109
110
106
108
105
108
103
107
99
99
99
94
95
97
98
95
98
95
95
93
100
94
90
96
96
90
87
91
88
90
89
90
91
88
91
89
89
88
89
94
87
96
100
93
95
103
100
101
102
116
115
109
114
108
112
119
127
122
121
121
128
119
124
114
111
107
105
98
104
118
114
119
115
112
106
103
99
102
100
102
103
102
106
97
92
90
94
92
90
98
96
97
110
104
93
84
82
83
82
102
94
101
99
91
88
92
104
108
118
122
126
120
114
120
113
130
120
140
130
126
126
118
108
107
120
153
143
155
168
161
141
131
121
112
133
139
149
141
129
116
105
97
90
102
125
129
133
150
140
155
167
157
175
191
206
207
202
190
175
160
158
169
184
199
188
188
191
172
155
151
137
136
135
140
147
138
133
129
122
128
133
144
214
222
205
197
179
164
160
167
164
152
143
168
178
161
162
145
145
137
156
156
170
229
284
265
250
249
240
230
223
240
261
239
227
205
225
232
232
243
224
221
226
220
247
240
227
218
209
190
182
185
175
176
194
207
207
210
212
193
208
210
200
220
199
194
195
201
219
212
212
216
215
208
220
212
204
200
187
177
168
158
153
147
146
137
156
158
173
183
173
168
169
205
206
193
176
175
184
169
164
211
216
225
208
190
182
183
192
180
199
190
181
176
170
158
148
153
155
164
158
157
150
169
170
179
178
170
161
141
139
129
141
144
142
145
145
150
172
164
162
176
169
161
156
156
144
140
144
135
186
193
240
256
265
256
241
229
219
249
229
206
196
188
175
182
175
168
160
181
175
172
168
154
147
141
141
153
153
160
147
134
124
111
102
115
166
169
161
151
133
118
111
107
112
116
131
125
122
114
106
96
88
114
123
120
126
115
105
96
101
119
119
116
115
110
100
91
94
97
98
88
88
91
96
91
85
90
82
85
85
78
80
88
101
120
116
111
116
106
94
86
78
74
73
77
74
66
61
58
54
49
45
41
45
41
44
43
46
42
44
48
45
48
51
52
51
59
60
76
80
75
76
75
76
82
80
74
83
101
96
89
82
75
68
66
70
66
73
80
69
64
59
67
70
65
60
63
71
86
85
91
91
82
77
75
70
69
77
79
86
80
72
66
66
62
62
60
66
68
64
71
67
63
59
58
53
50
51
56
60
54
49
53
54
52
55
61
95
101
91
82
82
87
99
114
108
106
109
103
93
94
95
91
83
77
78
79
104
100
92
111
128
124
122
170
173
154
137
136
140
142
129
162
164
157
142
129
118
116
118
121
119
120
126
121
114
115
108
102
103
105
101
95
93
110
111
101
109
107
150
167
174
183
191
204
240
260
266
260
260
263
260
234
237
211
190
187
181
180
179
163
157
171
162
153
174
170
185
209
195
192
173
164
176
176
183
188
169
162
147
195
220
213
207
231
218
210
220
204
200
199
250
268
266
284
289
382
393
403
412
429
429
450
438
419
409
438
418
412
529
587
554
641
642
642
615
578
579
594
643
642
643
643
643
642
643
643
643
642
643
643
642
643
643
643
643
643
643
643
643
643
643
643
642
641
643
643
642
642
644
643
642
643
643
641
643
644
643
642
642
642
643
643
643
643
616
545
489
542
556
570
532
489
454
407
385
377
380
373
351
334
311
282
275
278
281
278
265
273
257
248
233
237
256
258
254
252
248
244
239
223
221
239
228
228
226
221
216
203
198
196
188
177
208
227
230
234
223
206
191
188
195
192
183
177
164
171
163
165
158
160
149
153
152
138
124
110
108
102
101
107
104
111
103
91
88
81
95
93
84
79
71
69
67
65
67
68
66
63
66
59
56
52
53
56
58
73
78
72
67
62
58
57
58
69
76
77
70
67
62
56
59
65
79
86
79
73
68
80
78
79
90
88
96
97
87
82
78
77
77
93
106
102
105
102
92
91
124
111
119
122
134
127
119
109
101
111
151
169
174
171
161
173
192
282
266
292
268
294
285
283
307
337
391
431
455
473
493
493
486
511
533
643
643
643
642
642
643
643
643
627
605
642
642
641
642
643
642
642
641
643
643
643
643
643
643
642
641
642
642
642
643
643
642
642
643
642
642
643
643
643
642
644
642
643
643
642
644
643
641
643
642
643
642
642
641
643
643
643
641
643
643
643
643
643
643
643
641
643
643
643
641
642
641
643
643
642
641
643
642
643
644
642
643
643
643
642
643
641
643
641
643
643
642
642
643
641
642
642
643
642
643
642
642
627
569
524
576
562
528
524
517
486
441
447
453
471
493
463
419
394
378
335
380
474
496
454
417
393
365
358
380
381
387
367
349
330
314
296
270
261
267
291
296
288
282
275
269
248
242
261
272
261
260
266
262
256
261
264
263
260
252
249
251
251
244
233
237
235
226
217
210
223
217
207
192
201
194
193
182
179
176
167
168
164
157
163
154
145
139
146
139
147
150
141
135
125
115
110
98
101
100
89
84
88
86
79
71
63
62
62
63
60
69
64
57
59
54
51
49
47
50
51
52
52
50
52
61
58
61
69
65
62
62
69
68
77
77
84
84
84
86
85
86
89
90
96
94
91
99
98
97
100
97
95
96
98
104
101
95
99
105
100
97
97
100
100
107
103
100
99
98
96
97
96
101
98
97
94
90
87
88
91
94
87
93
88
90
92
84
85
88
91
89
94
88
85
86
91
92
95
97
100
112
100
96
95
93
96
95
92
93
94
100
99
96
95
91
91
91
96
95
96
100
91
92
89
87
85
93
89
94
89
81
79
74
74
93
90
93
103
103
97
91
85
76
83
81
114
149
157
163
192
200
232
256
292
297
305
294
297
342
388
407
411
446
465
436
507
520
556
522
507
547
626
601
578
576
566
528
571
607
598
625
643
622
567
569
553
584
640
642
641
642
642
642
643
641
642
641
641
641
642
643
641
641
643
641
641
643
643
642
642
643
642
642
643
641
641
642
642
642
641
643
643
642
643
643
642
642
642
643
641
642
643
643
643
642
642
641
643
644
642
643
642
642
641
643
643
643
642
642
643
605
606
623
614
578
549
551
554
574
542
566
602
548
497
494
546
555
533
520
489
458
412
432
434
416
402
364
326
291
263
260
278
275
286
269
241
227
208
214
218
222
235
260
239
223
207
215
200
178
162
153
168
178
173
160
147
133
130
120
123
118
133
137
125
117
136
148
141
299
293
290
295
287
290
275
284
274
268
246
259
256
247
247
239
222
204
192
185
179
164
149
138
169
183
182
176
159
144
136
132
133
138
158
159
144
136
133
130
132
150
148
152
144
134
130
129
131
136
145
141
135
132
130
128
126
128
142
137
130
125
134
124
115
116
118
138
141
133
134
131
126
132
151
162
148
142
140
142
144
150
161
159
152
160
155
152
153
153
152
164
171
164
147
137
133
129
130
130
135
130
132
143
132
129
125
120
119
122
134
144
153
141
129
120
121
115
118
113
116
116
106
97
96
85
79
78
76
73
90
100
90
85
78
74
75
74
85
84
80
85
82
75
68
70
72
79
77
86
81
86
75
75
73
66
62
60
66
75
78
83
78
69
65
60
56
54
54
52
64
77
82
75
68
60
57
57
59
54
54
62
68
73
74
67
63
59
54
50
48
44
57
56
54
53
50
43
42
37
38
37
45
49
49
48
46
43
41
38
35
35
35
37
51
48
52
48
45
44
44
42
48
49
48
53
52
48
45
53
52
48
46
43
39
39
41
53
51
53
55
52
48
44
41
40
38
35
44
46
58
62
59
56
52
46
45
45
66
64
58
54
50
50
52
50
48
48
54
51
50
47
42
38
36
36
34
47
51
56
58
57
51
46
40
37
34
40
41
42
52
57
52
46
42
42
42
45
50
51
54
52
50
47
43
42
55
56
69
63
65
60
55
52
59
59
57
59
58
55
51
48
54
50
47
52
53
49
50
52
50
47
48
48
45
42
39
35
58
64
58
58
55
52
45
45
43
45
43
45
41
37
34
35
37
33
32
40
42
46
45
42
41
43
40
40
39
41
40
42
41
40
38
35
35
31
31
30
30
27
30
28
26
33
38
35
36
36
36
35
39
38
39
39
35
36
37
36
34
46
58
60
68
61
57
54
51
47
49
53
49
52
58
63
62
59
55
53
53
52
56
60
59
57
60
59
59
54
55
52
50
51
51
50
48
56
52
51
55
52
50
51
52
54
55
50
45
50
45
46
46
50
54
54
62
70
64
61
62
57
57
57
54
53
63
67
70
68
67
73
72
71
70
72
74
71
74
82
84
82
79
79
82
78
73
79
81
74
69
70
68
70
72
70
70
72
73
68
64
70
67
65
63
59
55
58
55
53
50
52
50
55
51
53
51
47
45
45
42
41
46
54
58
59
57
54
51
46
47
50
50
48
49
50
54
54
53
51
51
48
48
47
46
50
47
46
53
50
49
46
43
45
48
49
51
48
51
48
46
45
43
43
45
42
46
48
47
44
44
46
46
43
40
39
37
37
34
30
37
35
33
32
31
31
31
31
27
25
25
26
25
29
31
32
30
33
37
34
35
37
38
38
36
33
36
41
45
55
56
58
57
54
52
47
50
51
55
52
46
45
41
38
36
37
34
33
36
37
35
34
32
28
29
29
27
26
26
27
37
40
45
44
40
36
34
34
38
41
42
39
37
40
37
34
39
34
32
31
30
30
31
39
41
53
53
50
44
41
37
38
38
36
45
48
48
48
44
44
43
42
46
43
42
44
45
41
40
42
47
48
48
46
40
37
44
42
45
44
42
42
40
37
37
34
32
43
41
43
43
41
40
37
32
37
40
39
42
44
41
40
38
36
31
34
44
43
44
41
38
39
41
39
46
43
47
46
41
39
39
40
38
44
41
40
48
49
51
49
44
43
42
50
57
54
50
50
52
53
50
50
46
44
43
48
44
51
50
47
42
44
45
41
39
41
40
39
47
44
40
36
35
33
40
40
40
41
38
42
41
39
35
35
43
45
45
43
46
47
43
41
40
41
38
41
42
38
39
35
37
34
43
43
51
51
49
43
41
46
46
48
49
47
50
49
51
47
44
47
51
47
60
56
53
56
52
47
47
41
42
42
39
42
41
43
40
37
38
38
42
39
47
44
44
40
35
32
33
30
29
31
34
39
40
36
34
35
34
30
38
35
41
44
50
47
43
46
53
53
59
61
54
58
54
60
56
60
59
56
61
55
56
54
60
62
72
69
66
66
63
75
70
77
73
77
83
85
91
89
91
97
100
108
112
110
109
103
108
107
115
109
112
112
104
103
108
114
112
103
95
96
96
91
89
90
90
100
95
90
79
78
71
66
67
64
69
71
73
67
61
61
58
57
56
52
55
56
56
62
57
62
63
61
55
52
51
51
55
49
50
50
46
49
52
48
44
58
54
54
49
50
49
47
47
49
51
58
63
59
55
58
63
60
54
54
51
61
56
58
56
51
52
53
50
53
50
54
50
52
49
47
54
50
47
58
53
50
48
49
46
45
44
42
42
44
45
51
47
43
44
45
44
48
53
53
51
48
45
44
47
50
52
50
46
42
40
38
41
40
49
48
48
47
44
43
38
46
46
48
47
45
44
40
39
34
38
40
37
32
36
37
37
42
37
40
42
44
41
38
35
33
32
30
33
32
35
44
43
38
35
35
34
31
28
34
36
37
39
35
33
35
31
42
43
46
41
40
38
37
38
47
53
48
42
39
37
43
40
44
44
44
40
37
38
35
32
31
34
37
37
37
32
35
33
38
40
39
37
46
47
43
41
39
41
39
45
48
51
51
46
43
43
46
44
45
60
55
49
50
61
56
57
54
66
64
63
67
64
64
63
71
69
66
66
68
69
64
62
61
66
70
64
61
61
57
57
57
56
64
62
57
58
51
61
55
55
55
54
50
51
51
59
59
55
51
50
46
45
43
42
48
53
50
46
48
50
49
47
49
46
47
50
43
44
51
60
61
57
56
55
59
55
50
52
50
51
70
69
63
58
53
48
46
43
40
45
52
53
57
55
51
51
47
47
45
39
45
48
50
51
48
45
45
42
42
43
40
47
51
48
48
47
46
48
46
46
49
42
54
53
54
51
48
53
52
47
44
39
36
40
37
40
36
34
31
31
33
33
30
31
34
34
31
30
31
32
41
40
39
37
39
38
40
37
41
40
38
38
42
45
49
43
44
46
45
42
43
46
48
46
42
44
44
41
42
44
44
45
45
42
42
40
36
36
36
43
51
49
53
54
51
48
47
46
45
42
46
71
75
73
77
68
66
62
59
53
54
50
64
62
62
66
63
63
61
62
63
60
60
62
63
65
58
62
62
59
58
56
55
55
49
48
43
40
38
41
36
33
32
30
36
35
33
33
35
35
35
32
40
41
44
42
41
38
36
35
43
45
48
48
45
42
40
44
41
38
38
41
48
47
48
44
42
38
36
44
43
49
54
47
43
41
41
39
41
47
49
54
50
45
43
41
42
43
41
45
43
42
43
39
38
37
38
38
42
43
36
35
42
57
52
47
47
45
42
45
52
47
42
43
40
38
35
42
41
45
51
50
48
43
42
51
51
50
48
47
43
43
41
39
39
38
35
33
37
38
43
46
50
51
45
40
41
40
44
46
46
46
45
51
49
43
43
42
45
44
43
47
46
42
40
38
34
34
43
40
38
41
44
47
46
47
44
39
43
49
44
42
41
39
38
38
38
51
54
49
53
53
48
46
46
59
58
54
55
53
61
61
62
65
68
64
60
65
59
55
57
60
60
57
51
50
46
43
44
56
56
51
53
47
45
46
47
58
64
60
56
56
53
49
46
45
48
58
56
59
57
56
54
62
57
57
54
54
52
51
49
50
53
55
63
62
60
54
50
48
46
49
47
51
46
43
42
41
41
45
45
49
47
42
40
41
43
51
54
59
62
59
58
59
59
56
65
61
72
71
72
66
79
71
76
73
67
77
70
70
67
60
58
64
60
61
69
63
58
53
54
51
48
55
51
52
55
58
54
51
48
51
52
56
53
57
52
47
45
52
48
44
49
43
41
43
43
45
51
46
49
48
43
39
37
37
38
40
42
58
65
64
58
52
49
45
40
43
47
46
52
56
54
48
45
45
44
46
43
44
46
42
38
38
36
59
60
58
56
52
49
53
51
48
59
56
53
51
54
53
52
53
54
59
60
64
68
70
74
78
80
84
86
91
90
94
95
99
99
100
101
107
106
103
102
113
103
96
93
95
91
83
80
77
88
79
84
75
70
67
67
67
68
75
70
71
70
74
68
64
59
57
59
59
61
56
65
61
55
56
54
56
56
59
63
67
97
93
81
74
76
69
68
63
59
60
61
61
81
81
73
68
70
77
72
70
64
58
57
61
67
59
52
52
59
56
53
49
53
53
50
44
41
46
45
45
44
39
36
40
35
45
48
45
41
38
38
36
32
38
41
42
40
40
37
34
31
30
27
25
26
26
26
27
34
38
38
44
44
42
42
39
35
37
32
35
35
36
37
48
46
51
48
47
44
42
41
44
41
40
44
49
48
43
42
49
53
50
48
52
55
63
59
64
67
66
75
81
75
78
75
79
74
75
78
84
83
88
82
92
89
80
76
75
74
80
76
79
71
65
70
67
66
69
70
68
64
68
69
71
71
85
90
108
108
110
118
123
132
142
146
150
175
162
168
163
161
160
159
162
172
169
175
165
163
165
160
167
159
150
147
150
145
146
144
137
129
127
123
123
115
109
110
105
99
97
87
83
84
82
81
80
71
69
68
73
75
75
76
75
84
77
70
65
69
61
63
68
60
61
64
63
68
62
56
51
48
47
46
48
47
46
46
48
60
57
71
70
65
59
60
58
60
60
59
65
64
78
75
76
73
68
63
68
65
70
70
72
70
74
69
72
75
70
70
68
69
70
75
76
79
86
94
88
86
87
90
90
92
96
108
99
111
99
97
97
90
88
88
89
95
92
94
92
81
75
71
71
78
78
71
66
60
59
59
60
60
61
58
61
62
62
60
58
58
61
58
55
54
59
56
55
55
53
53
56
58
69
72
67
66
73
77
76
80
82
91
93
91
107
99
91
87
87
89
96
92
93
86
88
82
78
75
75
76
77
73
73
69
64
61
55
50
55
59
52
56
51
45
40
40
38
45
44
46
45
42
48
46
42
38
39
38
34
37
34
32
35
42
42
49
62
66
75
94
100
116
125
121
158
162
178
226
223
225
228
215
216
210
208
212
217
203
226
219
239
249
232
226
211
212
204
203
191
194
180
180
179
182
198
213
204
206
207
217
228
222
232
229
230
214
199
203
212
204
210
230
217
218
219
228
211
207
193
175
187
204
203
218
233
215
203
218
241
240
228
213
209
225
234
219
259
262
242
218
227
246
243
239
232
232
230
208
215
202
203
196
173
161
164
156
151
158
165
152
136
147
141
137
124
119
115
135
130
119
121
131
161
165
164
161
163
162
151
159
164
214
198
219
210
231
241
238
232
232
217
213
198
185
166
151
141
137
127
114
114
124
123
115
110
106
98
91
93
89
95
90
82
79
75
80
75
80
123
133
136
129
124
119
106
94
86
78
72
70
81
78
83
85
89
94
99
104
110
115
121
127
132
136
138
141
142
143
142
144
145
143
143
142
141
143
140
142
141
146
155
148
137
134
131
130
128
128
127
124
124
124
122
117
115
112
111
109
107
104
103
101
98
96
93
88
89
89
88
85
78
91
81
76
70
68
67
69
72
71
77
78
78
77
78
74
70
67
63
62
61
59
59
59
67
62
57
54
52
49
46
47
46
44
44
48
47
53
48
43
41
43
43
42
43
43
48
49
53
54
59
59
67
72
74
80
84
83
83
84
83
83
81
81
81
80
79
78
76
76
77
76
76
76
75
78
77
79
80
81
78
84
87
88
91
94
95
97
95
96
95
94
95
88
93
89
84
90
80
75
72
67
65
61
55
54
51
49
49
45
41
42
42
39
36
36
36
36
32
32
38
37
43
45
45
57
52
48
48
43
41
39
41
51
49
47
49
57
55
57
51
59
78
79
75
70
64
73
69
79
75
71
71
70
67
73
72
84
81
78
76
78
86
83
82
79
84
82
87
77
71
66
60
66
73
92
109
109
102
91
82
79
78
86
115
108
98
91
82
89
87
98
119
110
98
88
79
76
69
79
88
79
75
72
67
63
