641
641
642
634
609
556
534
478
462
425
404
386
360
353
320
293
291
263
265
262
235
212
208
206
247
239
223
206
204
204
210
197
194
207
206
189
194
179
185
174
182
174
181
213
208
218
206
199
205
206
216
206
195
195
187
190
193
186
183
181
183
201
209
208
214
205
230
216
212
206
209
198
207
196
197
190
202
200
234
272
260
260
265
258
264
270
248
266
262
269
265
268
270
271
246
241
218
218
209
213
243
231
223
216
226
213
210
231
234
240
279
314
295
276
277
279
276
322
314
304
286
257
254
224
223
224
224
221
226
232
212
204
185
190
200
206
198
189
183
175
173
166
169
173
208
216
212
203
197
225
230
227
222
225
214
203
197
177
201
206
219
248
282
274
260
247
254
249
241
248
250
249
281
295
357
341
336
330
326
346
348
307
297
268
351
356
321
290
299
289
288
285
284
294
281
262
277
261
253
238
219
228
216
206
204
206
211
190
174
154
154
147
174
184
163
146
128
116
105
99
122
149
152
140
133
125
113
116
114
153
170
169
168
183
163
145
131
163
161
160
158
150
143
146
145
136
132
133
142
148
141
131
133
120
117
135
151
150
147
146
160
148
150
147
159
195
199
200
196
181
160
171
176
219
228
203
179
158
140
157
339
472
579
641
642
641
641
641
641
641
641
641
613
576
560
542
501
490
471
416
385
348
311
281
284
278
283
263
244
218
223
204
244
237
259
274
267
251
238
218
198
179
176
192
205
195
210
202
203
222
210
210
217
217
242
252
239
231
215
227
262
274
278
316
312
289
271
266
249
244
229
219
246
233
231
216
204
199
181
230
250
244
237
229
217
202
197
203
218
234
251
233
214
194
184
170
167
175
172
177
171
160
150
135
132
127
153
151
156
149
146
166
146
137
131
134
133
127
124
115
146
158
167
185
167
154
137
131
122
118
172
205
187
167
157
149
134
160
157
179
170
152
139
126
155
153
171
172
157
143
133
131
126
188
224
206
188
166
150
138
125
137
150
144
146
130
117
108
102
104
120
123
127
123
124
122
117
119
136
146
155
143
136
121
110
105
103
112
119
123
113
106
100
101
106
104
125
125
151
160
163
161
149
150
140
128
118
124
161
157
151
140
126
121
112
110
124
127
125
122
115
103
95
105
131
139
166
170
158
156
141
127
122
125
141
135
143
129
114
104
100
93
90
95
111
119
118
115
108
101
108
103
117
116
105
113
109
99
96
103
113
115
108
102
95
93
90
101
102
109
116
105
104
99
99
99
100
112
119
107
115
106
101
105
111
110
128
132
121
115
111
113
112
120
134
133
125
113
106
106
106
109
109
135
131
127
123
116
112
111
106
108
123
137
148
159
178
176
159
142
142
156
168
164
149
138
144
151
138
134
145
145
159
162
146
144
129
125
132
141
135
126
123
113
113
102
123
116
124
119
113
106
110
107
120
109
130
125
112
116
109
109
108
116
119
116
127
112
108
106
115
118
123
120
113
117
118
115
120
114
104
102
91
100
102
100
104
118
155
156
147
139
128
116
120
137
139
143
126
129
127
115
110
109
140
155
157
140
124
117
111
106
122
146
159
148
145
131
143
149
156
159
155
165
167
154
164
165
158
161
154
142
141
137
126
143
154
164
177
184
181
173
166
157
152
152
154
137
148
147
152
169
154
150
148
168
197
187
190
182
163
147
158
160
167
172
160
153
160
151
150
162
157
173
180
181
176
166
155
162
151
155
146
154
162
150
140
135
136
151
154
169
170
175
166
162
151
185
184
198
198
191
188
192
214
203
186
173
196
251
247
235
211
198
233
242
231
218
214
203
232
222
217
207
187
185
198
206
190
180
180
176
165
155
157
152
159
161
155
168
168
164
178
173
171
169
173
184
176
165
162
191
191
191
195
180
179
172
191
184
168
161
165
175
183
180
164
163
172
160
161
149
154
155
161
154
145
158
164
152
147
158
146
140
141
137
125
121
136
137
150
155
143
136
132
126
139
138
147
148
149
155
159
147
142
132
130
125
130
136
140
134
140
141
130
128
152
143
134
136
124
124
126
126
128
134
149
147
153
158
153
149
150
166
158
165
156
146
