573
548
539
526
483
450
420
381
356
338
338
340
319
296
268
255
233
210
199
198
184
181
173
154
138
128
125
139
134
148
145
129
119
126
248
258
235
213
215
191
190
171
165
152
145
153
140
135
141
125
120
113
113
130
124
120
110
101
94
88
100
112
119
127
119
111
109
103
108
115
117
114
103
101
94
89
95
92
100
108
103
102
98
96
96
101
96
92
94
92
93
90
87
84
80
102
113
107
124
118
114
103
102
97
103
121
119
110
100
110
119
128
127
132
140
135
135
156
173
162
166
153
156
160
148
136
127
133
132
137
127
114
107
117
119
116
110
109
109
135
143
133
140
130
122
125
139
132
122
118
119
173
163
157
148
136
126
133
153
153
142
127
126
136
145
145
140
132
118
120
123
124
136
144
142
152
164
149
139
127
153
171
173
154
137
137
148
158
149
140
133
160
172
160
188
187
209
210
209
198
204
195
199
192
185
191
181
164
171
169
171
162
147
136
147
146
141
167
162
151
156
144
145
142
134
179
186
175
180
199
192
173
165
153
156
157
147
154
165
153
146
144
136
136
125
116
121
112
99
90
91
109
107
109
116
106
99
113
134
126
121
115
109
107
115
120
121
117
119
111
108
121
134
127
131
120
121
127
116
106
103
115
108
110
105
98
89
80
103
109
110
113
109
100
97
108
107
98
105
95
105
114
109
103
101
106
109
111
111
102
102
96
102
104
104
105
97
100
96
89
85
107
127
134
145
139
130
118
112
103
105
101
112
111
115
111
115
124
131
126
122
117
118
120
120
114
110
117
128
125
117
117
118
114
119
111
101
116
119
129
124
116
111
102
104
111
108
105
109
102
111
106
95
92
104
107
106
110
109
124
139
124
118
123
125
113
114
107
97
103
127
129
125
130
130
117
131
138
133
132
134
133
130
137
137
128
140
132
137
132
123
127
125
124
124
123
125
125
133
133
126
118
133
128
130
135
133
132
155
154
148
134
125
132
130
125
135
142
168
163
152
144
137
126
122
141
157
150
147
142
128
115
111
161
169
165
154
156
151
198
188
172
166
157
149
161
156
170
160
145
134
141
155
146
146
133
135
135
133
132
127
136
160
189
182
180
186
189
175
174
176
161
155
142
138
142
151
144
136
135
132
171
170
160
152
142
156
149
147
141
124
85
64
58
54
49
43
38
31
23
129
134
140
140
136
127
128
120
111
116
110
107
108
114
114
116
106
106
104
100
98
115
105
108
104
97
97
98
101
118
121
153
151
141
128
114
122
130
129
122
113
106
98
181
163
176
183
164
150
162
164
162
156
149
146
139
133
139
139
136
125
128
131
134
134
122
111
128
119
120
145
139
131
152
271
317
467
490
485
478
496
481
478
461
465
470
440
440
275
220
481
531
568
593
626
259
640
641
246
201
641
641
641
640
229
187
123
5
0
0
594
642
642
642
641
641
642
641
642
642
641
642
641
643
641
643
641
642
643
641
641
642
641
642
642
641
642
641
642
642
642
642
642
642
642
642
641
642
642
642
643
641
642
640
600
586
562
556
523
518
495
474
468
435
415
411
389
379
375
376
364
355
325
335
463
541
597
642
641
641
628
636
635
640
637
636
638
244
641
642
641
636
625
614
613
594
593
583
560
532
519
543
490
481
450
432
419
403
391
380
373
341
314
309
294
280
274
260
259
234
220
207
200
205
186
196
181
178
176
174
162
146
139
147
142
140
142
143
143
142
122
105
110
127
135
142
141
127
115
104
108
101
95
96
105
102
96
99
90
88
89
94
97
91
93
94
95
96
99
100
102
103
105
107
109
110
110
111
112
85
96
96
85
85
85
87
88
88
90
91
84
80
80
76
80
83
85
89
86
82
73
73
76
83
98
97
96
100
93
83
77
93
92
93
86
84
87
80
84
85
102
109
104
96
89
82
81
107
116
114
116
116
103
97
92
109
114
117
109
101
96
88
90
109
111
117
110
102
97
92
90
89
89
86
82
93
94
86
78
79
78
99
105
99
100
94
85
81
74
76
95
104
116
109
96
84
78
74
88
101
104
101
92
84
76
79
98
97
111
106
106
102
96
91
95
92
102
108
98
96
88
87
92
92
91
90
88
87
85
82
75
69
64
64
72
76
82
90
80
75
69
65
66
65
65
81
96
97
