19
534
521
529
521
495
469
494
525
561
563
543
534
527
507
511
495
500
483
459
447
472
475
461
438
410
393
374
365
351
334
314
295
283
285
284
283
270
257
242
233
220
204
192
183
174
165
160
154
145
140
135
129
139
137
132
132
131
132
126
123
124
117
110
105
99
95
92
89
84
81
75
73
71
70
66
65
66
64
65
66
74
74
80
91
99
111
112
106
105
104
97
91
88
83
87
93
89
87
82
81
77
74
72
71
68
67
62
60
64
71
72
72
72
74
74
75
71
72
73
72
72
71
68
66
65
62
66
66
62
60
58
57
61
61
60
59
61
66
67
64
62
61
61
57
58
58
56
52
52
53
53
56
57
61
63
67
66
63
71
72
76
76
75
73
73
73
72
71
74
76
78
77
77
74
78
78
79
79
77
74
75
81
78
80
80
78
78
78
82
80
78
74
73
73
68
68
71
68
67
66
65
66
65
62
62
63
64
65
63
64
62
64
68
68
74
76
76
79
79
79
75
74
71
77
75
80
86
83
81
76
78
81
77
82
80
81
79
79
80
76
76
75
74
82
81
85
86
88
87
84
87
86
83
81
86
84
85
94
97
95
105
102
106
113
114
114
112
114
112
104
106
113
109
115
111
104
110
111
103
102
100
97
104
98
101
99
95
90
101
98
101
101
104
103
100
102
98
97
109
128
128
126
123
120
128
129
130
137
155
153
150
150
149
145
145
141
137
144
147
147
147
147
157
160
163
158
169
168
169
160
174
180
178
177
187
205
206
195
217
230
255
264
273
285
286
303
299
315
330
339
342
357
365
378
377
377
392
404
412
405
422
426
423
414
439
447
447
442
444
452
440
462
471
476
470
495
506
507
526
539
549
553
552
565
558
564
590
627
627
640
642
642
643
642
642
642
642
643
642
641
643
642
642
642
642
638
635
642
642
642
643
642
641
643
641
642
643
642
642
643
641
643
643
642
642
643
643
642
642
643
642
642
643
642
643
642
643
643
643
643
641
642
643
642
643
642
643
642
642
643
643
642
642
642
642
643
642
642
642
642
643
642
642
642
643
642
643
642
642
643
643
643
642
643
641
643
643
643
642
641
642
641
643
642
642
643
643
643
643
641
642
643
643
641
642
642
643
642
642
643
643
643
642
643
641
642
642
642
641
643
642
643
642
642
642
642
643
642
643
643
643
641
642
642
642
643
642
643
642
643
641
643
643
642
642
642
643
643
642
643
643
642
641
642
641
642
643
642
643
642
642
643
642
641
642
643
642
628
599
584
586
576
575
552
556
536
530
501
505
505
496
477
469
456
457
444
417
400
400
396
390
373
368
346
345
348
343
333
319
317
307
303
293
281
272
263
261
253
246
255
246
234
224
228
224
222
223
227
218
212
205
205
196
188
183
187
178
172
168
162
159
157
152
151
153
147
143
143
139
135
133
146
141
136
138
137
131
152
148
145
158
152
152
151
167
186
180
207
209
204
201
201
234
226
219
217
219
225
245
246
236
258
264
278
282
282
278
292
292
295
299
307
310
328
329
346
334
336
350
352
351
372
374
376
390
379
391
383
393
415
413
414
418
437
429
436
448
455
475
475
473
485
486
492
510
493
500
494
505
510
509
510
511
534
534
527
525
528
539
542
565
553
553
563
579
581
581
574
572
581
584
575
585
599
605
592
604
606
613
605
590
597
606
614
609
635
624
636
630
608
600
627
614
643
643
627
643
643
642
642
643
642
642
643
643
643
642
643
642
642
642
643
643
642
643
642
643
643
643
643
643
643
642
642
643
643
642
642
643
643
643
643
643
641
643
642
642
642
642
642
642
642
643
643
643
643
643
643
643
642
642
643
643
643
643
643
643
643
643
643
643
643
643
643
644
643
644
642
643
643
642
643
643
642
642
643
643
642
642
642
643
642
643
643
642
642
643
643
643
643
642
643
643
643
642
642
642
643
643
642
643
642
642
643
642
643
642
642
643
643
643
642
643
642
643
643
642
643
643
643
643
643
641
642
642
642
642
643
643
643
641
642
643
642
643
643
632
609
610
588
629
630
641
642
643
642
643
642
643
643
643
642
629
616
603
575
580
565
567
552
530
519
502
508
495
498
496
498
512
498
493
486
503
493
480
456
436
427
460
454
458
463
444
437
443
441
434
419
410
412
398
389
394
425
467
480
453
436
423
429
436
436
423
408
423
416
407
403
397
386
391
411
443
416
405
389
385
370
358
381
385
376
354
339
344
349
366
351
337
325
329
318
353
382
424
418
423
420
415
404
428
408
420
431
414
391
382
375
395
384
375
361
376
395
408
388
368
349
333
339
322
334
344
331
318
300
282
286
279
268
255
246
270
284
352
348
340
347
341
333
334
384
375
365
407
437
449
431
431
436
436
417
416
402
382
362
425
440
421
410
390
375
350
364
366
363
345
335
348
368
382
384
375
351
331
326
339
330
337
327
312
296
306
375
368
354
349
349
330
325
334
351
354
354
333
311
303
296
305
301
294
301
283
279
274
276
290
298
327
343
341
349
356
345
368
364
357
347
361
356
347
345
343
389
398
392
385
380
364
358
387
391
400
400
394
391
382
375
385
384
371
379
380
373
351
357
384
389
376
391
412
402
382
391
389
373
364
378
382
375
379
392
377
364
345
356
431
437
423
404
395
390
405
388
414
408
415
397
385
468
464
462
471
455
449
435
446
424
410
403
405
387
397
412
403
417
421
406
396
413
412
417
397
394
405
381
370
354
355
356
351
339
390
374
359
366
371
386
377
393
395
382
364
372
383
378
395
396
417
418
403
391
385
386
379
410
436
464
445
433
437
428
436
488
506
500
475
461
456
451
451
436
432
425
424
420
452
433
442
457
459
442
420
408
404
391
377
381
363
370
373
363
364
365
379
387
409
419
399
385
385
389
391
390
377
368
397
396
400
400
389
416
410
394
390
375
365
357
364
354
346
351
357
353
345
341
329
314
305
291
277
263
247
233
220
206
195
186
176
165
155
145
135
129
126
123
127
122
116
115
124
135
127
119
113
106
101
99
111
109
108
111
107
101
98
99
96
107
110
111
109
105
98
96
94
95
90
87
85
85
80
79
78
75
71
71
70
67
72
76
79
80
80
80
79
76
75
74
70
69
64
67
65
63
59
58
55
54
52
51
48
46
49
48
46
45
44
50
52
54
54
57
54
54
59
69
72
71
72
69
67
66
66
66
66
66
67
68
66
72
76
76
80
75
73
70
69
70
72
70
68
68
68
68
66
64
67
64
62
66
64
66
64
62
58
56
54
51
50
48
48
48
48
46
45
44
43
41
40
40
40
37
36
35
35
37
38
38
36
33
34
37
35
36
35
36
35
34
33
32
32
30
31
33
33
32
32
30
31
31
34
33
35
35
33
32
33
30
29
29
30
27
27
25
27
25
25
23
24
23
23
23
25
23
24
26
27
26
24
23
25
25
24
25
27
26
26
26
29
25
26
27
26
33
42
45
49
50
49
50
48
53
56
63
63
67
74
82
84
96
108
114
113
122
134
134
141
143
158
168
173
179
194
198
207
219
225
230
242
243
255
256
274
285
294
303
299
300
292
313
322
319
326
325
327
327
317
312
315
316
316
314
322
322
324
318
315
312
312
310
305
313
310
301
299
298
301
288
297
300
295
293
301
299
283
281
277
277
271
286
281
272
270
278
267
271
273
274
272
267
263
257
252
250
249
253
258
254
255
253
248
266
259
253
249
255
253
242
239
243
244
248
244
240
232
235
230
233
226
235
228
234
248
247
252
249
244
239
234
241
231
236
244
242
245
240
247
246
250
240
244
241
246
256
255
260
264
261
255
256
260
253
247
248
254
242
241
248
252
252
256
244
256
261
255
258
256
258
248
256
251
241
250
256
255
253
254
260
255
261
255
263
257
251
252
262
261
259
265
264
260
250
258
267
264
270
264
264
263
265
266
264
261
258
260
259
261
261
268
270
272
270
263
275
276
276
274
273
270
270
270
267
266
264
253
252
249
245
239
232
237
237
231
229
227
222
220
218
215
209
208
203
202
196
189
182
182
178
174
171
168
162
156
159
154
153
151
149
147
142
140
137
134
130
127
125
115
114
109
111
108
105
100
100
103
102
101
98
96
93
90
87
88
84
83
79
76
73
70
68
63
61
59
58
54
53
52
49
47
45
44
43
41
40
38
35
36
34
32
30
30
28
28
26
26
26
23
24
23
24
24
24
22
22
22
21
20
21
20
21
22
22
21
20
20
19
20
22
24
22
25
29
33
37
38
45
50
60
70
82
92
100
113
133
152
168
181
192
202
214
227
235
244
252
258
262
267
272
275
278
280
283
285
287
288
288
289
290
288
279
281
282
282
281
272
272
269
267
258
262
249
257
260
254
255
274
276
261
257
254
263
261
261
279
278
267
262
277
301
297
295
308
300
301
304
313
318
330
352
347
330
358
401
453
449
459
441
467
476
457
474
456
443
464
461
457
453
466
443
467
494
514
503
476
502
564
559
532
527
516
506
493
476
516
516
516
543
532
575
580
636
628
587
570
564
561
545
526
548
563
575
564
602
608
599
571
606
618
593
592
586
584
576
568
556
574
561
536
526
539
628
641
641
642
639
616
608
624
597
581
574
584
568
583
583
563
551
557
562
560
531
519
494
507
518
525
525
508
558
588
572
576
573
572
553
550
552
533
507
477
499
486
498
513
500
482
452
495
499
516
545
554
539
546
524
519
534
517
518
513
505
493
482
487
507
563
561
575
554
566
559
547
519
529
555
574
574
563
556
572
576
603
618
602
598
618
639
638
642
641
642
642
643
642
642
642
642
643
643
641
643
642
642
642
642
642
642
643
642
642
641
641
644
643
642
643
643
641
642
642
642
642
642
641
641
643
642
642
642
642
643
642
641
642
642
643
643
641
643
642
642
643
642
643
643
641
642
642
643
643
641
643
642
643
643
642
643
643
643
643
642
643
642
642
641
642
643
643
642
642
642
642
641
642
642
643
642
642
642
643
643
643
643
642
643
642
643
643
643
642
642
642
642
643
642
643
642
643
643
642
642
642
643
643
643
642
643
642
643
643
643
643
642
642
642
643
641
641
643
642
641
642
642
642
643
642
642
642
642
643
643
643
643
643
643
642
641
642
642
643
642
643
635
641
642
643
643
642
642
628
596
572
565
545
550
584
572
551
563
553
553
523
515
554
575
556
544
560
559
537
575
582
600
580
573
546
521
551
548
571
566
576
591
560
552
537
525
508
497
501
469
468
473
497
486
474
464
473
463
497
488
468
460
474
540
526
501
527
504
494
484
467
456
462
452
438
447
464
469
462
460
445
435
439
432
435
448
437
441
443
441
430
415
426
460
447
449
447
437
464
524
521
496
476
470
459
474
460
465
464
436
433
441
432
423
417
420
409
403
396
402
419
430
442
473
496
474
489
480
486
470
462
470
443
445
436
429
470
451
451
454
483
477
508
522
517
530
515
562
580
547
556
575
602
613
643
641
612
592
576
572
594
591
589
618
584
612
640
644
642
643
638
642
642
642
643
643
643
643
642
642
644
642
643
643
643
643
642
643
642
644
642
642
642
642
642
643
642
642
642
643
643
643
643
642
642
643
642
644
642
643
644
643
642
642
642
643
643
644
643
643
643
642
642
643
642
643
642
643
643
643
643
643
642
642
642
642
642
643
643
643
643
642
642
642
643
642
643
642
642
643
643
642
643
643
643
642
642
642
642
643
643
643
643
642
643
643
642
642
642
642
642
643
642
643
644
643
643
643
642
643
643
642
643
642
643
643
643
642
642
642
642
643
643
643
642
643
641
643
642
642
642
643
643
644
643
641
642
643
643
643
642
642
642
643
643
642
643
643
642
642
643
643
643
643
642
643
642
643
643
643
642
629
622
614
607
602
596
600
594
580
569
562
559
555
549
547
534
531
521
515
506
503
494
486
479
482
471
466
458
450
456
440
437
425
423
422
403
395
381
375
377
372
368
365
373
366
346
336
333
323
321
318
311
309
311
297
299
308
290
279
289
288
282
272
267
264
256
251
246
242
237
234
237
232
225
223
224
214
212
207
203
198
198
198
194
189
186
181
182
187
183
177
171
163
161
154
150
145
136
138
133
126
121
118
114
110
104
106
102
96
95
94
92
88
87
85
81
82
84
81
83
83
85
91
92
94
92
89
88
87
86
90
93
90
87
85
88
86
89
89
91
90
94
91
92
93
94
90
92
94
92
96
99
100
105
108
106
109
103
106
115
117
118
114
111
112
110
117
121
119
124
126
125
126
124
120
121
120
119
115
114
122
123
118
118
115
117
112
107
112
110
108
107
107
120
114
113
114
111
110
106
102
109
113
112
110
115
118
120
114
114
117
116
114
124
122
119
125
122
120
129
129
126
128
133
128
129
130
128
149
150
144
151
151
144
143
148
145
149
153
152
156
148
148
159
154
156
153
158
152
150
149
152
152
155
159
162
163
161
160
159
151
158
153
152
183
179
173
177
177
174
171
170
172
168
173
177
174
175
181
182
185
185
182
180
184
186
181
186
180
186
184
189
186
183
179
182
185
182
189
192
192
185
179
183
188
186
184
177
181
187
185
179
188
197
201
195
200
194
195
195
192
192
193
192
186
188
193
202
196
196
201
207
209
209
205
206
196
205
209
209
211
208
209
205
206
202
202
199
200
208
200
202
201
201
193
196
196
197
193
194
191
185
192
189
182
191
183
181
184
185
179
172
180
177
177
173
170
171
173
163
172
175
169
171
171
167
165
159
157
155
147
145
151
147
142
139
141
143
142
140
134
130
131
130
127
125
121
115
120
122
113
119
122
120
124
125
126
120
120
116
112
110
112
109
110
109
112
109
106
102
96
94
94
93
91
88
87
86
85
84
83
85
88
86
83
81
78
74
71
68
67
68
70
68
67
69
65
61
59
59
59
58
56
57
57
58
54
52
50
48
45
44
43
42
43
48
46
50
49
52
52
52
49
48
47
45
46
46
48
48
53
52
50
55
54
52
50
52
52
58
71
78
75
76
74
73
71
71
69
69
69
72
76
74
72
70
69
66
68
70
70
67
66
66
72
71
67
66
63
63
74
76
76
73
69
68
66
66
64
62
63
61
58
57
62
63
66
63
72
78
78
83
90
86
82
83
84
82
78
80
76
75
70
69
67
80
89
89
100
118
130
148
149
173
181
174
178
195
227
233
272
301
322
338
340
388
432
460
502
499
472
447
429
477
462
475
489
524
529
552
561
581
643
643
642
644
618
644
627
595
600
590
605
595
628
609
605
604
607
610
641
607
588
564
553
541
539
547
529
515
533
527
543
550
567
551
539
545
534
543
521
504
497
496
529
530
506
501
522
517
518
519
509
495
490
471
507
489
478
498
474
475
501
494
507
501
497
489
493
504
483
503
494
495
486
463
463
494
482
474
509
500
490
533
537
563
542
527
501
485
460
438
486
501
514
506
501
507
499
490
498
525
526
511
518
501
489
499
476
489
484
472
475
481
497
484
488
520
510
492
506
495
503
486
463
471
460
483
490
477
457
470
453
480
490
472
448
432
419
405
436
437
419
395
396
400
402
408
404
405
406
403
395
382
397
392
383
365
344
363
356
356
344
384
404
388
396
391
396
393
404
402
411
390
386
381
372
353
342
335
347
330
348
357
348
401
398
393
398
425
464
482
480
472
471
468
454
429
423
410
401
388
379
362
377
385
385
371
381
394
377
374
385
423
399
390
378
397
384
383
380
365
373
375
377
391
387
393
418
416
413
400
426
413
395
383
391
384
385
390
388
372
400
416
435
431
413
406
403
431
436
433
424
423
414
394
416
416
410
407
413
407
409
384
374
451
475
466
446
428
439
459
454
451
436
424
413
421
451
448
433
442
417
416
413
410
415
463
457
441
426
414
421
415
394
412
456
441
445
448
455
462
483
462
446
430
413
423
433
429
416
405
397
409
419
430
429
435
421
493
535
511
490
488
464
457
460
457
442
439
422
426
420
420
396
385
418
469
484
476
481
475
492
470
451
448
431
436
442
428
434
425
416
406
402
406
426
415
422
416
423
415
412
400
393
396
399
413
398
382
390
416
448
463
459
447
428
420
396
400
384
381
386
398
388
374
392
371
349
345
347
346
343
362
415
419
418
407
401
383
366
382
374
404
412
411
394
411
421
405
403
389
372
359
342
325
314
307
336
369
378
368
377
399
403
414
406
408
384
392
412
400
388
386
382
374
352
343
363
360
376
390
396
379
362
368
369
354
354
348
339
321
306
319
307
292
283
319
399
392
382
396
423
426
422
428
409
397
377
378
379
364
374
375
387
378
371
373
388
410
398
380
381
372
388
380
389
388
387
369
362
355
340
350
341
333
313
297
301
301
300
315
309
304
317
340
348
339
333
322
311
300
287
281
269
256
252
245
252
266
273
266
254
239
236
231
239
235
232
238
255
256
249
251
258
264
268
273
274
271
272
272
281
285
317
308
287
278
277
268
271
263
249
238
229
225
217
210
205
197
195
190
188
189
184
185
185
179
181
176
171
163
158
156
154
158
152
152
149
148
146
148
148
153
149
141
136
136
132
135
135
131
124
117
117
116
109
115
109
104
99
94
90
87
88
83
81
80
76
72
70
67
66
63
59
59
61
69
71
71
69
68
65
63
63
62
58
57
54
51
51
51
48
51
49
48
50
50
47
48
53
51
52
50
52
51
53
58
59
59
57
58
66
64
61
59
55
62
63
70
72
72
71
71
70
71
76
79
78
76
80
84
90
98
99
103
105
103
99
104
107
122
123
121
129
135
143
142
143
154
152
159
166
164
172
190
183
193
203
203
199
202
206
217
225
228
222
229
219
235
249
258
267
261
271
265
255
249
249
268
268
266
267
279
275
269
280
278
276
272
283
278
280
276
274
268
280
281
271
275
279
271
278
276
273
273
259
258
263
263
258
250
248
239
242
239
240
236
235
229
228
232
234
227
223
221
220
223
221
221
220
211
219
216
211
206
208
203
208
209
208
202
202
191
183
192
202
203
193
202
202
199
193
199
196
192
189
200
205
196
202
200
202
204
212
213
213
207
206
203
202
209
200
208
205
205
206
204
202
210
214
211
208
208
208
201
204
209
210
204
206
207
205
208
207
205
211
218
222
222
216
220
219
219
218
217
222
223
215
219
222
223
225
223
225
222
224
227
222
226
217
220
225
225
225
221
221
223
221
218
224
225
223
218
215
220
221
226
228
224
223
228
229
228
224
228
229
228
223
228
228
230
230
231
232
232
231
226
230
228
228
224
228
228
228
227
226
223
223
218
221
226
224
226
227
226
225
221
220
218
226
227
224
225
229
223
226
230
233
227
232
233
231
233
228
230
231
229
237
237
235
237
239
232
228
230
231
232
235
234
233
231
226
230
232
231
227
225
225
226
222
223
224
223
222
215
217
218
217
213
217
217
211
211
213
215
215
214
212
209
209
203
205
201
196
200
200
199
191
197
195
194
191
188
186
184
182
182
177
174
175
171
168
163
159
154
160
157
157
153
151
148
142
139
134
127
126
128
125
125
121
115
116
115
114
112
110
109
105
101
98
92
95
95
97
94
92
90
90
89
84
81
84
80
79
78
77
75
72
73
72
72
69
71
69
66
64
63
60
58
57
55
54
54
54
52
52
50
50
50
50
47
48
47
45
45
44
43
41
40
39
39
40
36
39
40
38
38
37
35
34
35
34
32
32
30
32
32
34
35
33
32
31
34
34
33
32
31
31
30
33
36
36
36
35
34
34
34
35
36
35
33
36
34
37
36
38
40
39
48
50
51
52
59
58
59
67
70
80
96
119
120
131
157
192
206
201
204
208
210
204
201
190
193
195
227
230
239
261
267
282
297
335
337
348
336
329
337
367
364
418
416
414
452
441
440
465
489
476
472
447
451
454
440
437
451
490
481
487
499
500
486
466
447
450
453
449
449
477
481
478
502
481
471
466
458
458
500
513
489
481
506
544
538
561
568
565
538
521
503
520
512
489
499
526
536
521
528
520
514
517
492
489
486
488
496
474
459
449
445
433
445
438
446
424
432
411
420
440
423
420
421
422
403
420
414
459
448
456
441
430
435
416
419
397
420
413
390
394
410
414
407
419
465
472
491
468
448
439
427
473
462
446
455
469
462
443
437
449
431
416
413
416
405
413
437
424
437
414
427
432
427
437
422
409
412
409
440
420
414
407
410
389
388
401
409
386
370
390
400
386
391
397
389
389
397
381
387
390
410
386
374
362
392
389
383
370
371
370
379
408
427
447
430
425
407
385
410
414
409
411
401
394
398
385
390
408
404
406
484
484
469
454
461
477
456
443
435
441
434
411
413
407
401
389
376
386
404
443
441
421
404
406
405
388
409
410
401
384
400
381
419
406
399
392
386
369
361
363
350
374
352
359
368
356
365
421
432
421
449
452
439
413
397
397
441
426
426
415
406
402
400
398
406
404
403
393
382
380
372
360
353
353
378
362
344
336
351
357
361
357
368
373
365
367
358
358
363
355
346
367
352
331
339
335
385
375
372
371
370
354
335
331
335
384
389
375
374
369
349
383
391
394
403
397
396
394
413
445
451
457
508
505
496
474
460
465
468
489
462
457
452
441
444
464
454
433
422
406
411
451
473
457
450
439
417
439
448
450
424
419
416
428
422
413
396
375
399
399
386
410
389
378
363
387
397
400
393
398
399
398
395
405
443
421
419
416
410
421
430
445
465
460
477
466
447
424
425
457
462
498
466
448
471
469
468
456
443
424
408
405
418
409
428
449
523
520
528
523
526
512
490
507
519
531
521
513
500
496
472
470
503
494
472
450
431
453
473
498
473
465
460
462
480
461
463
454
431
442
455
442
421
440
478
471
464
453
468
461
491
470
532
589
585
579
572
564
564
575
586
615
596
594
586
564
586
586
609
628
642
626
600
612
619
585
566
628
642
638
604
577
546
547
560
559
529
528
536
555
562
534
549
535
513
513
518
501
519
530
536
550
558
546
554
586
578
588
568
573
547
523
530
528
509
504
484
463
431
450
480
489
496
478
467
470
511
535
543
520
520
496
493
501
471
463
466
535
560
553
539
523
574
584
572
543
530
504
500
499
482
578
573
547
523
498
484
473
453
439
435
435
443
428
413
398
397
391
386
369
365
358
345
329
315
311
327
321
306
293
288
285
297
300
284
279
277
271
271
284
283
287
288
286
274
270
261
258
262
253
260
254
251
248
248
261
247
254
251
246
250
238
231
224
214
207
206
204
202
206
199
198
191
190
192
187
196
192
203
195
183
177
195
185
175
168
163
159
161
162
161
153
159
153
152
148
155
158
158
158
154
155
158
150
147
151
155
149
147
143
150
145
141
143
149
146
147
145
145
145
147
149
143
136
144
146
145
160
160
153
146
145
135
130
130
127
121
118
126
121
119
113
108
108
101
97
95
93
93
91
87
85
81
78
76
80
76
73
68
70
74
70
71
67
64
67
66
80
79
79
77
75
72
68
66
65
61
61
64
67
67
66
63
66
68
69
67
67
64
66
64
62
65
62
60
59
57
60
68
72
78
78
76
76
73
71
68
67
63
66
64
62
60
60
63
65
66
69
70
69
74
77
76
75
75
73
75
79
76
74
76
75
80
75
74
72
71
74
75
78
79
84
92
91
95
97
97
95
93
95
97
95
112
107
104
108
107
109
109
121
121
114
119
134
141
144
137
146
147
156
154
155
157
154
161
157
170
175
179
176
177
180
181
182
184
179
193
195
200
202
207
208
211
221
210
217
218
209
221
222
228
225
224
221
226
234
231
235
233
238
242
240
233
238
260
250
243
246
245
233
245
243
238
235
246
244
240
230
232
231
230
226
234
230
225
237
232
235
238
231
245
242
245
238
239
234
232
224
228
228
224
228
228
217
220
219
217
212
214
211
219
216
211
208
210
214
215
216
206
201
202
198
199
198
197
186
198
203
200
195
198
198
198
192
189
191
189
187
184
179
172
175
171
170
168
166
163
159
160
159
156
157
153
157
148
153
154
161
156
155
158
157
151
146
146
143
141
141
143
139
133
133
137
135
133
137
133
139
141
140
136
133
133
130
128
129
133
127
125
132
128
131
136
136
131
131
140
146
143
139
141
139
136
138
135
131
133
131
135
131
131
127
125
132
134
137
141
142
135
134
127
127
131
142
143
140
135
131
125
124
131
131
127
122
121
118
121
119
127
127
127
125
120
121
118
114
115
115
120
116
113
105
111
107
104
109
104
102
99
100
96
98
98
95
92
91
88
83
82
79
83
80
82
80
80
79
76
76
77
76
73
72
72
69
68
65
65
66
68
67
68
70
67
65
62
60
62
59
59
59
56
54
51
51
54
53
53
50
53
55
57
57
61
59
57
56
55
54
51
50
47
46
47
44
43
42
41
41
40
40
37
36
37
38
37
35
35
33
33
32
32
31
30
31
31
30
32
36
35
33
33
36
34
33
33
30
32
32
32
30
30
29
36
36
35
41
41
44
70
77
82
85
100
102
121
130
138
141
143
166
192
226
333
352
339
333
371
394
418
508
511
495
503
574
642
620
643
642
643
643
642
643
643
643
643
642
642
642
643
643
644
642
643
644
642
642
641
642
643
642
642
644
642
643
643
642
642
643
643
643
644
642
643
643
642
643
642
642
641
623
643
642
642
643
642
632
642
643
643
643
643
632
619
615
595
566
549
533
532
551
584
570
544
526
512
528
514
497
496
495
508
513
582
562
558
536
536
549
539
516
521
600
614
603
613
624
611
598
595
565
541
517
497
483
460
451
427
448
439
446
447
494
507
482
467
486
490
481
459
445
428
463
466
462
466
455
463
510
501
485
469
455
452
444
431
422
442
491
495
484
472
497
505
481
474
466
468
466
456
442
470
464
439
432
415
415
415
398
387
417
413
426
438
449
441
439
450
446
450
439
445
444
445
441
431
419
406
390
406
431
438
412
411
403
393
415
416
402
414
414
404
394
377
373
398
397
415
419
437
434
447
458
456
466
479
461
473
493
514
497
474
458
448
446
453
444
432
422
418
411
404
399
399
397
387
403
464
460
454
449
422
421
421
415
396
394
396
404
397
425
412
430
422
473
483
504
512
488
473
498
484
477
487
478
483
479
488
506
505
517
508
508
531
533
564
544
553
570
558
595
591
590
580
588
579
582
566
592
620
620
608
619
637
627
633
643
615
621
642
642
636
642
642
642
642
642
643
642
643
643
642
643
643
643
643
641
644
642
643
643
643
642
641
642
642
643
642
642
644
642
643
643
643
642
642
643
643
643
642
641
642
642
643
643
641
642
643
642
643
642
642
642
643
641
642
642
642
642
643
641
643
643
642
643
643
643
642
643
642
643
641
642
643
642
642
642
643
643
642
642
642
642
642
642
642
643
643
642
643
643
642
642
643
643
643
642
643
643
641
643
643
643
643
642
642
644
642
642
642
642
642
643
643
643
642
643
643
641
642
643
643
643
643
643
642
642
642
642
643
643
643
642
643
643
642
643
642
642
642
642
643
641
642
643
642
642
642
642
642
643
642
643
641
643
642
642
643
642
642
641
643
642
637
612
593
578
573
568
618
598
566
557
579
577
596
610
581
572
550
548
575
601
576
550
526
506
512
528
556
573
555
527
511
492
535
538
531
501
504
480
500
557
555
541
533
519
518
535
533
510
484
482
528
534
508
483
464
474
463
487
510
488
469
480
479
515
505
492
474
503
520
516
516
506
521
544
586
614
606
597
598
598
613
592
594
615
608
621
592
577
583
584
580
580
570
614
627
642
623
610
616
620
590
589
626
616
609
617
642
636
612
620
643
639
643
629
624
635
642
643
643
642
641
643
643
643
642
643
643
643
641
642
643
643
643
643
643
643
642
642
643
643
642
643
643
642
642
643
643
643
643
642
643
643
642
643
643
643
643
643
642
644
642
642
642
643
643
644
643
643
643
643
643
643
643
643
642
642
642
642
642
642
642
642
643
641
643
643
643
642
643
643
643
643
643
642
642
642
637
630
627
623
619
619
614
610
610
589
585
582
571
562
552
552
541
533
532
525
515
510
505
502
505
502
485
471
462
460
453
439
439
429
418
408
398
392
385
378
370
367
366
354
343
334
329
321
317
311
300
289
281
273
265
260
250
245
242
237
231
220
208
201
194
187
178
173
166
167
160
153
149
145
141
133
128
124
119
113
109
104
100
97
95
92
93
91
85
85
81
77
75
79
77
74
69
68
68
69
65
64
63
60
58
56
55
56
51
51
49
48
48
50
48
47
48
52
52
51
55
55
57
57
58
54
52
50
48
48
49
48
48
46
45
43
48
49
53
52
50
50
49
50
51
49
50
49
48
46
46
48
50
53
58
65
62
61
60
58
60
58
56
56
54
54
51
49
50
47
49
48
48
48
47
45
46
44
45
41
40
39
38
44
41
43
43
43
41
41
40
42
45
46
45
44
40
39
43
45
49
62
63
63
61
59
60
59
57
61
62
62
62
62
59
56
55
59
59
56
57
61
62
61
67
69
73
74
76
78
75
78
76
76
75
75
79
80
76
74
73
76
80
83
80
80
79
84
92
93
95
93
88
90
94
93
91
91
91
94
101
103
101
105
105
101
99
114
115
118
114
111
107
110
114
118
120
116
118
118
125
129
124
127
123
133
131
136
133
131
131
145
146
141
139
148
149
149
155
156
149
149
152
156
148
146
151
160
160
157
158
158
154
153
157
156
155
150
159
158
159
158
170
173
170
168
162
169
162
170
171
163
170
162
170
170
171
167
170
164
169
170
168
169
169
173
164
177
172
175
176
178
179
179
176
175
182
181
181
186
189
189
187
186
192
192
191
190
177
191
197
199
196
198
195
194
198
197
196
199
196
199
201
204
201
203
207
206
203
210
206
209
209
217
217
215
215
220
221
223
224
223
222
220
227
229
223
226
222
227
231
228
226
225
226
221
223
223
225
224
223
213
214
216
220
219
217
217
217
217
216
215
209
211
213
212
211
207
207
203
200
199
204
205
203
201
194
194
195
193
189
185
178
180
181
181
179
173
171
171
170
163
161
160
161
162
157
158
154
154
150
147
145
143
141
135
136
134
133
134
132
130
125
124
121
120
118
115
111
109
105
99
94
92
87
86
85
78
80
79
77
76
73
68
65
63
60
58
57
53
52
50
49
45
45
43
39
38
38
37
36
37
38
40
43
47
53
55
58
65
71
76
83
86
93
98
104
110
118
123
131
135
141
165
161
163
155
149
146
141
143
139
130
132
143
154
153
151
156
163
154
158
161
165
159
161
155
156
168
167
168
159
158
158
164
160
162
155
149
154
168
168
173
179
179
177
185
177
170
172
173
173
196
210
214
236
248
265
267
269
270
294
299
286
287
293
299
291
298
293
307
307
300
292
318
320
310
378
408
401
395
378
380
395
384
381
393
395
387
401
445
440
426
454
441
433
429
442
432
430
462
433
417
405
384
364
355
347
350
383
381
380
368
357
406
440
435
412
403
391
396
404
425
417
398
397
403
430
459
438
440
436
452
476
485
466
453
441
424
416
411
406
396
394
384
380
400
404
427
405
386
377
393
379
379
388
397
434
461
456
451
486
502
501
495
502
501
485
504
516
551
545
531
533
511
535
548
547
540
544
528
501
478
521
555
541
525
513
493
507
520
540
549
540
539
552
558
566
540
533
518
485
482
470
444
474
494
497
493
474
458
453
449
431
424
446
475
473
457
443
428
416
428
413
433
413
407
390
417
441
431
423
435
443
438
423
412
444
448
447
471
450
456
462
487
471
453
448
442
467
497
480
493
486
502
513
499
536
565
577
559
595
591
571
568
568
579
569
546
545
523
520
515
553
576
550
546
550
576
561
537
543
548
551
569
549
565
594
609
624
608
581
560
540
530
510
496
488
519
525
514
491
510
492
471
464
450
437
452
435
435
447
458
475
496
476
466
476
493
527
521
516
515
523
518
512
505
488
482
482
475
468
491
498
494
489
492
471
464
465
470
458
458
466
463
452
442
418
415
427
425
417
420
421
442
467
467
446
436
450
445
422
415
418
453
490
496
509
523
524
537
570
554
540
517
517
538
521
496
502
490
491
487
490
490
500
478
469
518
531
519
487
464
453
494
487
491
479
464
452
444
435
424
423
423
428
422
414
441
434
430
426
449
442
419
425
425
410
394
381
366
358
368
372
376
352
340
319
327
359
368
385
387
414
423
422
419
417
479
484
499
479
467
446
439
419
398
383
368
357
361
403
397
390
405
401
383
372
382
372
359
356
346
345
342
342
329
356
349
338
342
366
365
373
371
366
360
346
336
332
400
438
450
432
452
460
455
434
406
388
426
428
452
438
431
474
454
434
468
464
475
459
485
483
466
446
439
430
448
436
470
458
449
471
487
474
468
445
432
432
433
414
423
434
415
425
431
432
445
429
410
413
432
452
465
448
437
428
430
451
448
451
434
433
423
402
407
389
376
373
361
359
374
369
380
391
398
404
387
392
371
366
357
347
374
360
348
349
337
349
356
345
334
331
337
336
339
341
346
353
346
347
346
353
353
352
341
347
357
335
322
329
317
303
290
274
268
274
273
271
270
259
247
237
234
243
244
233
222
217
203
199
211
205
201
204
204
208
218
235
224
218
218
222
218
215
220
217
217
220
222
221
228
217
217
227
227
219
212
219
223
223
234
242
227
220
214
209
205
206
204
209
199
196
193
193
196
203
221
219
207
197
195
194
188
190
196
192
189
186
182
180
186
188
185
181
177
198
201
196
199
209
203
196
190
189
181
174
173
167
159
150
145
146
137
132
140
140
145
137
132
138
129
123
117
113
116
111
109
102
106
104
113
109
106
111
107
103
96
92
88
83
86
85
86
82
80
78
76
79
79
77
77
79
89
86
88
93
95
104
106
106
101
105
109
103
111
113
110
117
117
131
136
133
128
139
138
140
136
146
150
159
165
170
179
185
190
206
222
234
244
248
267
261
279
290
307
307
325
328
339
347
345
347
351
331
360
368
372
375
376
378
374
376
382
379
368
375
380
384
378
365
377
371
368
374
371
362
358
358
361
359
367
367
367
383
378
367
366
383
392
394
394
387
387
385
397
405
411
420
415
407
423
445
449
447
446
448
454
460
465
464
473
479
483
480
487
491
491
475
488
498
492
499
503
514
519
517
519
523
524
521
508
523
527
535
536
535
528
515
527
532
533
533
523
522
525
520
513
519
528
513
523
526
508
514
527
530
525
525
522
519
512
515
518
518
514
510
515
507
502
507
515
514
505
508
521
522
524
521
520
524
527
541
545
535
539
554
537
551
575
584
590
592
591
598
607
609
611
617
618
624
622
631
640
641
630
639
643
643
643
641
641
643
642
642
643
642
642
642
643
643
643
643
642
642
641
642
642
643
642
642
642
642
643
642
642
643
642
643
643
643
643
641
642
643
641
643
643
643
643
642
643
641
641
641
642
643
643
643
643
642
641
642
642
636
630
626
623
624
623
621
617
611
610
607
606
599
597
596
607
608
614
620
618
617
615
608
618
609
615
631
634
628
631
630
628
627
612
622
617
605
609
608
613
612
590
588
573
581
587
587
580
568
555
544
535
528
521
518
524
520
502
497
499
497
492
488
483
470
465
458
448
443
437
429
419
418
403
403
408
405
392
385
387
383
379
382
365
376
381
380
373
376
365
362
364
352
339
334
321
326
331
327
318
315
314
311
308
296
282
277
273
271
266
261
259
262
257
243
231
231
228
219
213
221
240
248
260
296
302
294
313
329
359
470
469
496
501
477
476
524
503
497
555
542
551
583
587
605
588
558
583
609
620
628
643
643
643
643
643
641
644
643
642
641
642
643
644
616
597
587
610
589
602
641
624
601
579
556
536
539
567
555
596
576
593
575
544
593
595
579
635
620
642
642
643
643
643
643
633
618
605
576
598
579
589
611
602
598
571
556
550
534
595
568
546
543
547
533
521
548
547
547
561
572
563
559
581
606
625
623
610
574
600
592
617
617
643
641
643
644
642
643
642
642
643
643
642
643
642
643
642
643
643
642
643
643
643
643
642
643
642
642
642
642
643
642
643
642
643
643
643
642
643
644
642
643
643
643
644
643
643
642
644
642
642
642
643
642
642
642
643
642
642
643
643
643
643
643
643
643
643
642
643
643
642
643
643
643
642
642
643
643
643
642
642
643
643
643
642
644
641
642
643
643
643
643
642
643
644
642
643
643
642
644
642
642
643
644
644
643
642
641
643
643
644
644
643
643
643
643
643
642
643
643
642
643
641
643
642
642
643
642
644
643
643
643
642
642
643
642
642
642
643
642
643
643
643
642
643
642
643
642
643
642
643
642
643
642
642
643
642
643
642
642
642
642
643
643
643
644
643
643
642
643
643
642
642
644
643
643
643
643
643
643
643
643
642
643
643
643
642
643
642
642
642
643
642
642
643
642
643
643
644
642
642
643
642
642
642
642
643
643
643
642
643
643
642
643
643
643
642
642
644
642
642
642
642
643
643
643
643
642
643
643
643
642
642
643
642
641
621
630
605
597
580
564
544
553
596
590
593
610
590
575
562
555
555
534
528
538
551
525
517
522
497
491
496
481
508
503
484
483
461
444
455
438
439
436
447
455
459
466
463
450
445
451
464
513
518
489
496
482
487
470
454
443
456
447
465
467
498
491
486
482
480
483
476
485
468
445
444
428
486
483
469
469
576
581
553
533
560
587
583
573
542
526
519
502
511
495
489
488
485
526
569
573
566
555
536
519
537
526
521
502
493
497
469
454
430
410
412
407
401
383
366
388
423
447
435
436
442
452
462
454
447
480
502
493
493
469
480
524
504
486
474
490
483
505
487
467
450
424
419
424
423
431
424
409
401
388
435
436
432
438
436
423
427
410
401
426
428
414
399
397
379
404
442
450
438
450
444
471
460
444
439
419
409
392
386
380
391
395
394
415
406
401
398
393
377
370
361
363
369
381
414
423
436
464
517
497
473
473
466
441
433
416
429
429
415
396
393
395
424
440
427
410
406
409
432
469
464
456
431
434
413
403
403
414
406
411
418
405
392
384
379
373
377
360
359
342
322
323
310
315
304
285
276
263
264
253
245
249
254
241
231
225
212
204
195
184
179
174
170
164
155
147
146
139
135
129
137
131
133
129
125
118
130
127
129
127
125
123
116
109
105
104
102
96
94
95
90
87
85
82
78
73
72
71
83
86
82
80
75
78
73
72
71
72
79
84
82
79
74
73
72
75
78
79
80
82
82
83
87
91
93
103
104
103
106
104
105
110
121
126
121
120
116
114
117
119
121
121
121
126
133
130
125
125
123
139
131
128
129
126
126
129
127
133
126
122
120
122
120
121
120
117
117
118
118
115
114
116
118
119
120
118
117
119
121
128
125
125
129
130
134
139
137
137
139
143
141
142
141
143
145
145
148
149
149
152
153
155
159
157
153
147
139
129
123
120
119
125
130
140
153
168
181
199
216
234
250
265
283
301
321
333
349
367
384
399
416
433
448
463
478
490
499
513
522
531
537
546
552
557
558
563
566
565
569
572
575
573
574
572
565
564
562
560
558
557
555
552
549
545
538
534
531
526
523
519
512
499
496
489
482
470
470
464
457
449
443
435
425
416
407
401
394
384
377
372
365
361
355
349
335
331
326
315
308
297
295
289
284
276
263
263
258
251
245
242
241
232
227
222
219
213
204
203
199
192
187
183
176
168
174
166
159
158
152
151
152
147
138
137
146
141
136
132
125
117
109
108
100
97
101
102
104
103
101
98
101
102
105
107
102
96
92
92
92
87
83
79
91
96
102
99
97
106
113
109
103
106
103
97
91
89
91
107
110
105
107
116
117
116
117
118
111
110
109
106
105
109
106
100
95
93
93
100
110
105
110
112
109
124
121
119
130
140
133
128
124
123
118
115
113
109
108
117
114
120
132
133
129
128
135
130
123
125
151
145
139
133
130
130
132
126
131
125
121
124
124
125
144
143
138
147
137
132
127
129
132
130
127
130
131
137
130
131
126
136
133
125
117
113
111
106
106
105
105
108
104
107
109
114
115
117
117
116
121
120
125
128
127
139
142
143
140
141
146
153
153
161
166
169
170
178
183
189
196
205
217
224
227
234
239
257
254
256
262
266
268
270
274
277
277
279
280
282
289
289
287
286
284
286
287
288
295
292
291
292
294
295
296
295
301
301
306
307
309
308
309
308
306
310
313
313
310
306
306
308
306
307
316
331
322
322
351
341
356
341
332
331
325
334
333
337
349
351
362
359
353
363
362
364
368
352
351
356
353
343
335
335
342
337
326
325
327
319
312
309
308
312
314
306
303
301
303
297
297
300
295
292
295
294
293
316
307
301
287
278
284
281
284
279
319
340
324
342
331
337
350
381
435
483
480
493
479
516
522
511
524
505
507
499
542
527
589
594
573
553
589
572
562
608
641
643
642
642
642
638
609
633
616
626
623
643
643
643
643
643
643
642
640
643
643
642
642
636
604
579
576
580
563
537
518
515
542
524
501
508
557
554
554
535
519
499
474
453
456
459
446
451
442
448
446
464
458
453
450
449
438
425
402
406
412
404
383
392
388
386
397
394
388
436
427
407
423
429
433
420
411
390
384
375
366
409
415
430
428
430
424
447
460
469
476
474
473
480
481
467
464
484
481
528
518
497
486
474
460
478
469
448
436
435
422
422
415
438
432
438
452
469
492
503
487
470
469
443
433
435
423
440
430
414
435
461
483
503
502
497
496
521
503
501
491
488
470
458
479
471
480
473
466
475
471
498
493
477
486
495
494
487
465
447
441
460
458
456
544
557
582
578
596
579
568
550
573
563
528
530
544
565
558
542
526
542
524
518
514
522
502
522
509
516
511
522
543
551
541
533
511
508
538
576
594
604
628
618
605
598
585
580
590
584
575
579
556
537
597
633
643
634
642
614
587
560
590
586
574
557
566
565
550
595
636
629
620
611
627
642
643
640
642
643
643
644
642
620
593
600
567
564
565
580
601
589
559
555
567
544
536
542
524
523
524
506
528
526
508
508
537
526
523
562
566
591
616
633
624
593
577
570
557
564
593
564
564
625
643
640
630
611
631
628
642
643
627
608
605
603
589
572
556
558
535
521
518
526
500
490
512
505
496
507
502
488
479
488
474
454
481
531
552
576
580
574
571
541
533
520
490
469
446
425
426
502
519
539
570
588
591
589
577
570
550
523
498
481
494
484
464
436
450
451
445
441
445
439
429
412
411
388
396
469
483
486
457
441
430
468
502
479
452
451
479
478
518
534
525
505
500
535
531
548
538
609
623
624
629
610
587
591
588
631
642
621
610
590
580
552
524
546
587
602
579
584
568
557
573
551
520
498
509
487
472
468
500
530
522
520
504
497
486
462
479
463
455
455
451
425
405
417
420
416
405
437
487
483
481
464
442
491
479
500
500
504
480
496
495
490
488
510
498
484
495
512
516
506
485
484
496
551
585
586
634
636
622
587
572
550
562
535
527
530
503
512
505
512
509
531
519
545
567
563
562
591
580
585
610
605
569
576
565
547
553
547
541
543
549
552
534
520
517
542
539
536
508
502
510
530
516
557
561
555
544
527
495
487
484
485
495
474
484
520
524
505
481
481
471
465
469
522
536
534
508
487
469
537
530
501
505
522
523
516
510
523
552
587
613
607
600
589
597
582
562
547
560
586
616
609
576
551
534
531
530
497
517
500
498
503
511
552
585
592
570
553
531
510
497
471
443
438
423
442
465
459
442
426
409
404
392
373
372
367
357
374
372
374
371
368
358
358
362
361
388
406
409
416
424
419
440
470
476
482
501
526
540
563
567
588
622
642
643
642
641
643
641
643
643
642
643
643
642
643
642
643
643
642
643
643
642
643
643
643
643
641
643
642
643
642
641
642
642
642
643
642
641
643
643
642
643
642
643
642
643
642
643
643
642
642
643
643
641
642
642
643
643
643
642
639
628
620
606
618
618
610
601
582
596
602
602
603
604
603
594
604
614
608
612
621
609
620
641
643
632
643
643
643
643
643
643
643
642
642
641
643
643
643
638
642
643
642
638
632
638
628
621
589
615
613
604
602
593
585
573
559
544
511
527
527
516
506
501
488
474
469
466
458
451
443
424
413
404
402
391
387
386
382
372
365
354
365
364
351
342
332
324
317
303
286
278
283
277
261
263
252
255
249
235
244
252
246
240
233
228
235
233
230
219
221
233
230
216
210
205
197
187
176
172
165
159
154
147
151
144
145
147
144
142
139
153
171
163
155
152
144
134
134
137
137
140
144
142
143
136
141
135
136
130
125
122
116
115
117
111
105
103
98
94
94
91
93
98
98
114
124
122
131
127
133
128
119
117
113
113
113
107
103
105
128
137
134
137
137
130
124
123
119
114
111
108
109
103
111
105
104
109
115
126
122
120
114
109
112
115
108
125
142
139
138
134
128
121
117
122
127
125
135
135
130
142
135
128
121
119
118
119
123
130
133
128
151
160
153
146
154
164
161
156
153
151
154
160
156
157
151
156
155
150
151
144
147
151
150
145
145
153
157
170
162
167
174
179
178
185
179
169
171
169
174
178
185
181
187
196
197
198
212
215
209
216
230
236
225
223
223
226
229
231
238
239
245
252
259
268
276
263
265
275
267
260
262
266
270
275
273
274
279
279
279
288
298
286
317
318
308
304
304
307
311
317
312
312
319
328
332
331
336
342
352
356
358
357
368
378
381
399
393
394
392
398
403
412
417
420
422
423
442
436
436
454
447
454
458
464
472
480
484
492
487
484
483
483
484
489
495
491
493
486
484
481
483
486
482
485
484
484
479
481
476
477
479
486
488
488
486
497
496
490
491
489
494
489
488
488
488
496
489
492
479
477
472
473
468
466
462
458
454
451
448
445
444
444
436
434
437
426
417
410
414
399
394
392
387
380
377
371
367
364
358
350
351
349
337
332
325
319
318
312
307
305
301
303
298
292
292
289
285
288
293
298
306
319
306
301
328
315
312
371
359
375
395
427
430
473
453
468
477
473
461
494
505
496
475
467
497
504
530
522
543
541
541
578
572
564
583
613
629
631
642
644
642
643
642
643
642
643
642
642
644
642
643
642
644
643
642
643
643
643
643
643
642
642
643
643
644
643
642
642
642
642
643
641
643
642
643
641
642
643
643
642
642
643
643
642
642
642
642
643
643
643
642
643
643
642
642
644
642
643
642
643
643
643
642
642
643
643
642
643
642
642
642
643
626
643
642
642
642
642
613
606
588
588
574
584
587
565
551
566
547
547
526
530
555
558
562
537
534
525
552
567
558
535
535
509
537
567
581
569
545
533
528
582
577
641
635
643
621
616
612
594
604
591
589
566
581
623
625
590
590
569
547
525
544
518
535
558
531
510
522
531
541
529
515
493
497
470
443
424
488
525
507
485
535
539
525
503
481
479
481
493
484
473
498
515
498
477
475
469
451
434
417
414
404
399
392
376
405
386
395
407
438
445
430
434
428
426
441
420
422
482
499
494
529
565
619
599
591
589
558
529
544
537
571
541
508
481
509
540
536
552
562
556
536
567
571
575
581
577
573
583
549
544
521
490
481
461
445
442
477
480
455
434
416
416
421
421
414
417
413
403
389
382
387
372
362
358
368
357
378
380
393
394
374
370
378
395
380
387
385
377
364
367
357
347
348
347
335
364
381
430
447
461
446
422
425
411
421
459
450
447
435
430
440
479
456
438
427
418
432
425
474
463
442
432
447
456
445
439
470
479
467
465
454
440
433
415
403
424
434
414
389
387
379
373
396
398
379
403
416
408
392
374
357
351
346
356
367
365
365
384
445
439
442
487
499
494
474
483
481
490
492
468
455
447
449
520
565
551
538
542
585
579
565
550
545
508
501
478
463
463
458
521
549
519
506
496
495
526
519
518
499
493
487
509
487
476
454
446
452
445
436
409
389
423
414
414
419
418
422
401
415
417
420
421
443
460
469
471
501
494
489
509
481
491
473
449
449
461
446
453
454
461
455
483
513
519
531
541
544
576
600
617
609
600
586
605
587
567
559
586
591
584
565
567
570
555
542
561
540
511
519
607
640
610
617
595
620
643
641
642
643
643
642
643
643
643
642
643
643
642
643
642
643
626
611
599
619
642
630
629
641
643
643
636
615
581
586
566
563
538
516
500
480
483
474
494
493
482
505
490
502
478
480
477
472
459
443
445
447
429
409
433
430
418
428
421
442
456
448
456
442
426
426
439
445
473
449
452
456
441
449
434
438
437
488
465
471
464
446
419
406
429
420
427
452
435
465
463
441
460
461
474
548
524
537
517
506
512
522
506
488
510
494
472
481
494
481
478
462
493
490
480
493
480
478
474
485
495
498
473
464
452
439
422
438
423
415
410
420
454
473
471
453
437
475
514
501
478
457
433
455
485
502
475
452
436
461
474
474
458
432
414
406
414
419
406
390
376
362
357
351
338
330
319
306
293
293
276
270
268
266
256
262
273
287
284
309
351
355
408
443
469
499
547
589
629
642
641
641
643
642
643
642
643
642
642
642
643
643
643
641
643
642
642
643
643
643
643
643
643
643
643
642
643
642
643
642
643
643
643
643
642
642
642
642
643
643
643
643
642
642
642
643
643
643
642
642
643
642
641
642
643
641
643
642
643
642
643
643
641
642
642
642
641
643
642
641
641
642
643
642
642
643
642
642
643
643
642
643
642
642
643
642
643
643
643
642
642
642
642
642
643
642
642
642
641
642
643
641
642
642
643
642
642
642
643
640
641
641
631
621
617
614
606
601
586
579
553
572
574
569
551
553
541
522
523
522
514
495
483
475
473
468
478
455
442
459
467
450
442
434
424
414
403
385
371
379
398
396
387
371
364
358
348
339
332
324
315
310
301
295
288
280
271
257
249
267
270
263
246
237
251
265
263
252
256
250
245
240
231
224
218
214
207
195
193
193
188
179
193
194
193
195
197
199
197
195
193
193
187
182
180
175
169
159
151
145
137
138
129
124
117
115
110
104
97
92
89
84
80
75
72
69
66
63
60
58
57
55
53
53
55
63
67
63
68
74
74
73
72
74
75
78
81
84
88
89
92
98
103
118
113
111
115
119
119
117
115
114
113
113
113
110
111
111
110
111
112
114
116
117
120
122
123
122
125
126
126
129
131
133
135
134
136
139
141
139
139
141
142
145
143
143
143
145
143
145
147
147
146
144
145
145
152
146
139
137
137
134
133
130
130
127
127
125
122
117
119
121
119
119
114
115
115
113
111
107
106
105
102
101
100
99
96
96
96
97
94
93
93
93
92
91
87
87
87
86
84
83
80
79
79
80
80
79
79
77
77
76
79
81
81
78
74
72
73
74
75
71
69
68
67
67
66
65
64
64
62
63
63
61
60
59
58
57
58
60
57
54
52
52
51
49
49
49
53
55
51
50
48
47
46
45
45
42
42
39
38
38
38
35
36
34
33
35
40
42
40
40
38
37
35
35
32
30
30
30
30
32
32
32
34
33
37
35
34
33
34
34
38
37
38
37
39
41
42
47
50
50
51
53
57
59
68
73
73
71
73
73
75
77
80
80
86
85
87
90
91
93
96
104
103
106
113
120
127
131
141
137
142
148
152
156
160
165
166
175
179
185
194
201
197
200
200
204
207
208
212
217
222
228
223
221
226
230
233
236
237
240
236
236
237
239
237
236
236
239
242
242
238
248
257
291
280
265
253
252
249
268
284
296
323
310
305
289
284
286
277
284
281
285
301
291
295
328
384
381
379
369
356
390
401
387
420
427
421
439
421
435
443
433
442
459
460
446
481
483
545
524
504
534
508
514
543
549
556
570
572
585
579
578
568
598
632
618
642
642
642
642
643
643
644
643
642
643
643
642
643
643
644
643
643
643
642
643
644
643
643
643
642
642
644
643
643
643
642
643
643
644
642
643
642
642
642
643
643
644
642
643
643
643
642
643
643
643
642
643
643
642
642
643
643
643
643
644
642
637
642
642
642
642
642
642
630
610
633
612
588
589
586
589
574
562
584
595
595
580
587
590
599
585
563
549
540
541
532
518
511
526
531
523
524
508
487
479
486
481
478
469
464
471
477
459
450
456
446
448
431
439
456
508
506
482
472
466
455
455
442
445
451
435
432
437
413
461
451
435
429
437
434
462
450
448
431
418
410
409
419
413
407
420
416
404
385
376
370
361
375
367
365
347
338
340
336
335
336
362
341
328
321
324
325
329
318
326
318
343
345
328
350
339
346
334
331
329
368
357
355
341
329
318
340
344
339
341
344
352
347
340
349
341
330
351
346
341
348
356
354
368
369
355
366
352
359
343
325
326
359
346
328
322
321
308
332
373
369
375
373
374
375
358
349
356
344
345
337
322
313
311
328
353
348
331
318
327
316
305
303
319
349
343
337
329
326
321
325
333
347
352
341
348
340
355
369
370
371
353
350
329
317
347
363
351
332
330
347
346
345
335
321
315
298
290
275
280
281
280
284
270
263
249
285
279
308
317
317
317
308
318
323
332
324
302
295
303
290
303
295
312
327
314
307
316
318
306
323
323
322
335
339
326
320
308
301
291
292
289
291
278
280
269
274
270
285
285
277
277
268
270
261
260
247
259
250
241
242
269
266
254
250
266
269
274
271
277
290
280
293
304
310
300
315
306
296
291
303
314
322
308
310
305
327
343
352
376
375
381
395
394
381
372
362
387
413
397
405
417
419
427
444
462
458
489
482
487
489
511
535
532
532
566
565
554
577
578
581
573
561
607
610
596
630
642
628
641
642
642
634
642
640
643
642
642
643
643
642
642
642
643
643
642
642
643
643
643
643
642
642
642
643
642
642
643
642
643
641
643
642
643
642
643
642
642
642
641
642
643
643
642
642
642
641
641
643
642
642
643
642
642
642
642
642
643
643
642
643
641
643
643
643
642
641
641
641
642
642
620
599
578
574
563
555
542
534
524
492
500
505
502
485
473
461
446
431
426
420
394
384
407
405
409
402
400
393
391
390
383
385
386
386
389
401
411
425
437
462
486
511
511
532
614
642
642
642
643
643
643
641
642
642
643
643
643
643
643
642
643
643
642
642
642
642
642
642
643
642
643
643
643
642
643
642
642
642
642
642
643
642
643
642
641
642
643
641
643
642
641
642
642
642
642
642
641
642
643
642
643
641
643
642
643
641
641
642
642
642
642
643
643
643
643
643
642
641
643
641
641
641
642
643
643
642
642
642
642
643
642
642
642
643
642
642
642
642
641
643
641
642
643
642
642
642
643
642
643
642
642
634
623
614
603
587
582
572
559
552
544
534
522
516
507
498
494
486
478
469
463
454
443
437
427
413
411
400
400
394
391
382
377
371
364
357
348
341
322
324
325
322
315
308
300
293
284
277
268
262
255
247
239
231
225
216
208
199
191
185
178
170
162
153
146
139
135
129
124
119
113
106
107
105
104
101
98
95
93
91
91
91
93
92
95
97
100
104
110
116
124
127
135
138
139
148
153
159
163
168
174
181
186
188
193
197
201
202
203
204
206
206
204
205
205
204
203
202
201
201
199
197
195
195
194
192
189
187
185
184
180
175
177
176
173
171
167
166
163
159
156
153
149
146
145
141
136
133
132
128
126
125
122
121
117
117
114
111
108
103
101
99
100
97
96
95
92
90
89
88
85
85
82
80
79
79
76
75
73
71
69
67
66
68
70
70
69
70
71
70
70
70
70
67
68
69
67
67
65
65
64
62
62
62
60
59
58
59
57
55
57
54
53
51
52
50
50
50
50
48
48
47
46
44
44
44
43
42
41
41
39
40
39
38
38
36
37
36
36
38
38
38
37
37
35
35
34
35
33
32
33
30
30
31
29
29
30
31
29
32
30
30
32
34
36
40
40
39
42
41
41
41
41
40
38
40
38
37
36
35
34
33
32
33
32
32
34
38
40
38
35
39
42
45
43
43
44
44
42
42
43
45
45
46
46
45
46
46
47
46
45
42
43
43
40
42
43
43
39
39
37
36
34
35
35
35
34
35
34
33
31
30
31
29
28
27
28
25
25
23
24
24
22
22
23
26
29
28
26
25
27
27
27
27
26
25
26
25
23
23
25
26
28
26
25
28
28
28
30
31
29
32
33
34
33
34
36
37
38
42
40
42
48
51
50
49
53
51
51
50
57
59
56
60
59
57
59
68
79
76
82
90
92
91
95
96
98
97
94
93
95
99
106
110
116
126
127
128
129
141
163
168
175
172
188
178
187
189
200
223
226
226
238
260
259
267
264
262
273
300
294
324
330
331
319
328
335
359
376
393
386
368
379
397
393
406
397
397
397
404
413
410
417
422
429
431
432
443
470
462
486
489
469
470
483
475
477
487
484
485
492
502
533
519
549
527
541
534
529
541
542
545
575
600
599
601
631
643
643
636
612
626
640
626
613
617
642
643
642
630
633
633
636
643
643
643
642
643
643
642
643
643
642
642
643
643
643
643
643
643
642
643
643
643
642
642
642
642
642
643
642
642