371
357
339
332
336
327
314
350
336
332
341
326
324
310
305
298
296
306
310
293
306
309
318
325
330
325
313
315
320
309
297
291
292
313
300
298
296
289
290
287
312
300
282
286
270
269
299
295
300
291
312
299
289
295
293
316
329
335
320
313
319
324
338
338
336
326
351
339
325
315
311
332
329
315
296
294
302
309
302
298
287
285
277
286
278
299
290
288
279
264
264
252
242
253
267
265
267
251
242
249
238
247
240
243
251
240
246
252
237
235
238
234
224
232
229
245
235
223
219
219
240
242
238
228
243
231
217
206
220
222
216
212
207
212
231
225
223
226
221
214
205
223
217
227
225
239
230
219
224
218
212
222
218
237
261
258
263
250
244
242
227
219
227
227
225
257
259
295
289
294
278
274
268
261
264
257
263
280
272
256
274
265
260
256
245
249
246
250
261
254
280
300
283
269
269
275
328
331
318
346
342
334
319
345
337
343
351
361
367
362
367
352
359
355
349
343
381
384
398
402
428
416
407
394
387
378
394
395
400
396
381
363
385
368
371
352
357
395
393
386
386
374
364
381
379
370
378
358
366
371
367
368
399
413
390
384
393
387
371
370
354
349
351
344
335
323
316
315
312
310
308
308
331
339
325
307
292
306
298
309
305
293
280
270
272
269
264
277
287
283
289
313
330
314
332
366
355
339
349
352
348
364
381
373
382
383
378
364
356
371
371
401
398
400
387
369
377
383
365
348
334
359
365
362
371
373
380
436
432
423
406
387
365
367
378
372
363
360
353
336
358
361
365
357
340
319
310
313
323
311
299
317
314
306
314
319
303
312
295
284
305
326
344
342
339
330
334
333
321
304
319
309
325
312
299
289
297
299
289
276
283
284
299
285
284
272
261
253
255
249
264
279
274
266
267
255
247
247
264
266
254
250
240
266
291
313
295
311
311
309
302
307
307
294
288
297
307
302
291
275
282
321
307
313
304
291
282
319
321
307
301
313
315
314
330
316
319
324
307
296
299
322
317
310
299
289
284
287
272
260
278
272
273
263
258
267
288
285
272
276
262
251
244
240
242
246
261
287
297
285
295
294
302
286
273
260
250
248
252
251
259
251
277
273
256
257
260
254
253
246
231
228
233
234
241
229
231
244
263
264
268
270
276
279
271
268
272
272
272
266
252
242
269
265
277
269
321
343
342
323
308
315
316
307
314
302
295
298
305
285
287
277
273
262
252
272
288
315
338
336
330
319
313
315
303
295
294
296
292
277
290
302
303
310
297
293
294
298
298
288
291
289
319
352
356
343
337
355
361
360
354
352
366
349
348
336
351
346
335
318
340
336
369
383
394
394
393
380
360
357
344
340
321
308
315
311
305
294
277
262
274
279
272
286
281
271
264
273
279
289
273
285
286
276
268
265
273
266
255
247
261
246
247
259
271
278
279
271
259
245
241
242
262
262
261
254
244
246
240
256
259
250
235
232
228
240
231
216
213
213
214
203
250
265
249
240
236
232
232
258
247
239
239
229
239
254
279
271
275
274
298
281
281
264
273
273
283
282
277
263
259
283
297
294
281
282
312
320
314
301
287
289
272
268
260
268
265
264
277
282
285
289
277
281
269
273
290
286
283
282
273
269
264
277
265
267
251
243
242
245
286
290
282
283
291
277
273
264
253
243
242
253
260
251
254
253
249
244
242
244
236
244
258
247
240
240
240
229
220
212
202
190
180
171
162
153
154
147
142
138
154
169
173
174
166
165
172
167
164
165
170
177
187
232
231
225
221
230
228
240
245
258
249
244
243
248
242
240
239
237
237
239
239
247
259
250
247
248
237
226
238
240
234
229
226
225
225
224
213
225
213
201
191
186
179
177
190
182
171
199
197
185
185
175
169
178
173
163
157
161
161
157
147
138
137
141
136
127
124
126
134
130
129
127
120
115
126
133
129
122
115
117
114
109
102
97
99
99
96
96
93
99
103
105
103
103
109
104
101
101
98
96
92
92
94
90
94
99
102
105
100
102
118
130
131
125
125
123
125
139
147
145
151
145
154
159
153
150
144
145
153
160
160
154
159
161
161
160
165
168
174
174
170
194
192
188
184
185
182
185
187
176
176
185
179
186
175
177
180
181
178
180
193
198
188
193
210
205
218
223
235
243
243
247
260
274
295
313
339
361
373
392
419
447
453
487
507
511
549
579
588
614
625
641
641
641
642
642
642
642
641
642
641
642
642
642
642
642
643
642
643
642
642
642
643
641
642
642
643
642
642
642
639
633
641
634
619
622
638
635
629
622
612
607
603
594
574
568
551
534
552
533
527
540
528
524
518
522
521
513
504
498
493
485
478
477
471
458
434
447
434
439
428
431
440
442
435
426
422
412
420
417
415
407
387
395
387
383
382
366
368
361
353
358
373
367
378
374
375
371
358
369
365
368
372
366
364
353
360
351
349
351
352
352
345
333
356
358
358
354
347
345
346
342
335
330
326
308
299
313
311
316
315
310
305
298
284
294
283
283
279
285
289
285
286
279
272
263
253
244
244
235
224
215
212
212
207
200
192
189
188
178
180
172
162
162
161
155
145
149
150
144
142
143
140
135
132
125
121
123
123
118
111
111
106
104
108
105
106
99
96
95
91
87
87
83
81
78
74
72
67
65
63
59
56
55
56
55
53
53
53
56
53
50
48
49
47
44
44
41
40
39
37
35
35
35
35
36
34
37
37
35
34
34
34
35
35
38
38
46
46
45
43
41
42
46
44
46
46
47
49
50
52
55
57
58
62
61
66
65
69
74
73
74
78
78
78
81
80
80
81
83
80
81
81
80
80
81
81
80
82
84
80
79
79
81
82
80
79
82
80
79
79
79
78
77
77
79
79
80
78
78
76
76
76
76
74
74
74
73
73
73
73
76
78
75
72
72
72
70
72
72
70
68
69
67
68
67
69
68
68
71
70
68
65
63
61
62
60
58
56
54
52
51
53
49
49
47
45
43
40
40
40
38
37
35
35
34
32
30
30
28
28
30
31
30
28
28
28
26
27
26
27
25
26
26
27
28
26
30
30
28
27
27
26
25
24
23
22
23
22
22
21
21
22
24
23
21
22
20
21
20
19
19
17
18
18
17
17
15
16
16
16
16
16
16
17
16
15
15
14
16
15
15
15
14
13
14
13
14
13
14
13
12
13
14
12
12
12
11
13
13
13
12
13
12
11
11
13
11
13
12
12
11
12
13
13
15
14
14
15
15
16
16
17
17
18
20
20
21
22
22
22
22
21
21
21
22
22
23
23
21
22
23
23
25
26
26
25
26
27
29
28
29
28
28
27
27
27
29
27
26
27
28
27
28
27
27
29
26
26
28
28
28
29
29
28
29
28
28
28
27
27
27
28
27
26
25
25
25
27
26
26
25
26
25
26
23
25
24
25
25
27
26
28
25
30
30
30
30
29
31
29
29
29
28
27
26
26
26
25
25
27
26
25
25
24
26
25
25
26
24
23
24
26
26
26
25
25
24
24
22
22
23
23
21
22
21
21
20
21
20
19
19
19
18
18
19
20
19
20
19
18
19
20
20
19
20
20
20
19
20
20
20
20
20
19
18
17
17
17
18
19
18
19
19
21
20
19
18
20
20
20
20
19
19
18
18
16
16
18
16
16
15
15
15
14
15
15
16
14
15
15
15
14
14
14
16
16
17
15
15
16
16
16
15
15
15
14
14
14
15
14
13
14
13
13
13
12
13
11
12
11
12
13
13
13
11
12
12
12
12
12
12
11
12
13
13
12
11
12
11
11
11
10
12
12
12
11
11
11
11
12
11
11
12
12
11
12
12
11
13
10
12
11
12
12
11
11
12
12
11
12
12
11
12
12
13
10
11
11
12
10
11
11
12
12
11
11
11
11
11
10
10
11
12
11
12
11
9
11
11
12
14
14
13
13
13
13
12
12
13
12
12
13
11
11
13
11
12
12
13
11
12
11
12
13
10
12
13
11
11
12
12
11
11
11
11
11
12
11
10
11
10
11
12
11
11
12
11
12
13
11
13
13
12
12
12
12
11
12
12
12
11
14
16
19
23
25
24
22
25
27
28
30
30
30
30
28
28
27
27
26
30
33
33
34
33
43
52
52
49
47
46
46
48
48
47
48
52
54
53
52
56
56
54
52
58
65
74
77
77
80
83
96
95
94
93
90
88
84
86
83
82
78
79
78
77
76
76
74
75
72
69
71
72
71
71
70
71
72
70
72
78
81
83
88
89
94
97
100
102
107
107
115
121
128
129
135
140
150
162
173
180
184
185
197
207
211
218
227
228
235
241
245
245
247
249
250
252
243
242
239
236
231
222
220
217
216
212
204
207
207
209
207
200
195
194
188
186
190
188
187
187
178
179
175
175
181
181
177
178
185
181
177
181
190
191
195
193
199
197
189
189
196
197
197
197
190
195
196
194
188
183
191
187
180
181
181
180
173
172
167
164
157
160
152
152
152
148
141
138
137
136
134
134
135
131
128
127
126
127
127
127
126
123
125
122
122
119
118
120
121
122
118
120
119
121
120
131
133
133
141
169
171
172
194
262
336
348
376
395
386
429
438
446
511
506
499
522
550
576
618
606
642
628
621
642
620
642
643
642
641
642
643
632
614
594
580
563
588
583
587
577
637
643
642
636
623
627
603
604
605
608
595
602
586
577
565
550
540
532
533
543
524
572
580
640
622
620
642
643
643
636
619
624
638
643
642
642
643
642
643
642
642
643
643
643
643
642
642
642
643
643
643
642
642
643
643
642
633
626
611
601
624
613
578
595
595
579
583
574
570
589
628
643
634
621
607
583
588
589
570
576
593
567
563
592
604
620
622
629
624
600
594
581
552
528
533
518
505
521
515
521
510
492
465
455
445
445
432
474
505
481
480
484
488
483
462
443
437
443
472
465
442
437
440
417
405
407
409
388
380
373
453
514
524
500
496
470
459
442
432
438
430
423
417
410
409
420
405
412
389
380
412
394
372
375
405
400
410
387
366
365
367
368
364
356
347
339
329
325
320
327
319
339
345
360
342
323
311
324
314
326
332
333
319
316
369
386
402
383
366
349
337
346
343
329
338
332
327
330
366
362
350
345
339
320
329
326
328
321
304
292
298
294
293
295
296
286
283
267
256
249
239
279
281
277
267
258
278
281
268
261
262
265
254
271
266
261
260
246
253
258
267
261
250
243
243
244
242
229
221
218
256
256
255
254
269
264
274
279
278
268
259
253
260
256
265
304
296
299
292
292
314
296
295
291
278
284
284
273
282
273
277
268
261
265
260
287
287
296
286
298
288
299
298
295
282
305
320
307
311
304
308
296
285
289
303
315
326
319
314
315
315
328
332
313
300
298
292
291
305
317
305
308
295
298
320
324
308
307
318
302
304
320
311
330
325
328
313
307
316
328
321
327
322
315
305
304
300
299
315
305
326
351
333
320
317
314
319
321
317
302
303
295
303
321
304
297
317
326
314
315
313
325
324
328
323
320
354
349
330
330
326
351
338
331
331
328
311
301
302
314
309
306
302
298
317
307
330
323
330
309
340
337
334
327
355
347
340
330
329
328
316
299
294
301
309
297
309
304
309
323
325
314
312
323
332
316
323
330
321
313
323
321
321
329
327
318
303
309
310
329
326
339
347
346
351
346
326
321
329
327
333
348
328
326
337
328
324
325
324
332
344
331
328
326
317
334
324
313
314
313
328
317
316
302
316
318
308
325
312
317
329
358
341
337
343
327
324
322
323
328
317
335
324
332
319
316
311
319
317
349
331
314
326
328
316
301
300
335
344
353
335
316
318
311
314
331
317
332
321
332
331
352
344
342
354
343
341
370
366
367
361
372
354
351
343
366
359
338
320
313
327
348
340
354
344
325
333
332
336
321
325
332
327
333
323
317
307
289
284
274
281
267
251
241
230
245
248
237
229
229
232
223
220
216
214
216
227
219
213
207
203
201
207
202
194
197
211
211
212
217
215
212
214
214
240
256
271
281
292
295
295
326
339
366
380
403
430
443
471
505
530
543
565
572
614
634
642
642
642
642
642
643
643
642
642
642
642
642
643
642
642
642
643
643
642
642
642
642
642
643
642
642
642
643
642
642
643
642
642
642
642
643
642
642
642
642
642
642
642
642
642
642
642
643
635
641
642
633
620
637
641
639
624
634
634
635
635
622
614
629
636
633
623
631
627
622
618
607
618
622
623
620
609
603
600
620
621
618
601
605
603
575
598
591
588
601
609
597
591
598
600
596
592
581
580
574
572
573
571
556
556
554
549
555
552
536
537
533
521
517
498
488
503
497
494
490
477
469
474
469
448
457
458
467
467
452
456
452
456
458
453
453
448
446
450
451
453
455
446
475
483
495
498
510
517
524
519
525
530
544
563
570
567
578
575
578
588
576
579
581
583
581
571
560
572
579
580
572
575
572
573
568
560
558
555
554
540
537
525
518
525
537
530
531
519
526
522
518
513
509
506
501
494
488
483
472
469
460
465
455
465
476
479
480
478
477
473
472
466
462
459
448
444
433
438
439
432
430
426
426
420
420
415
411
409
407
402
399
391
385
384
385
387
386
386
385
385
383
374
375
374
373
371
370
366
365
364
359
367
370
372
372
373
371
373
374
372
371
373
369
369
368
367
364
362
359
356
353
351
345
343
344
340
337
331
328
326
323
320
318
314
311
309
309
304
303
300
300
297
296
294
292
289
288
287
286
284
283
283
281
277
276
275
272
271
271
270
270
268
267
262
261
261
257
253
248
247
244
236
235
233
219
220
227
221
215
222
221
216
213
211
209
202
198
193
194
188
183
184
180
177
174
172
161
165
159
156
154
146
139
138
136
134
131
125
119
116
110
105
98
95
91
90
85
82
78
75
70
68
73
70
67
65
64
63
69
67
67
73
74
79
80
84
89
94
100
105
115
124
130
139
146
160
164
172
181
189
199
207
216
223
229
236
244
252
260
267
271
278
286
293
304
309
312
317
324
327
333
337
342
346
350
354
360
367
369
371
375
382
384
389
391
392
395
398
401
405
408
408
412
414
416
419
419
421
423
429
433
432
433
435
437
439
440
441
442
441
441
442
445
448
448
451
454
459
462
462
466
467
467
465
465
467
468
467
467
466
466
469
468
467
466
467
468
469
470
468
467
467
466
465
462
461
461
458
457
457
454
454
450
448
448
446
443
441
438
437
433
442
435
429
425
418
416
422
432
422
412
429
439
426
413
396
396
401
391
393
394
389
391
416
432
416
461
472
507
488
484
465
460
457
449
455
470
498
534
589
597
573
552
557
531
511
510
496
478
471
484
504
493
470
480
474
482
479
500
519
519
544
546
568
562
556
557
565
578
615
601
614
644
644
642
644
643
643
643
643
643
642
643
642
643
643
642
643
643
644
643
643
643
643
644
642
643
643
642
643
644
644
644
642
642
644
643
643
644
644
644
642
642
642
642
642
643
644
642
643
642
644
644
643
644
643
643
642
643
643
643
643
643
642
643
644
643
644
643
643
643
642
642
642
643
643
643
643
642
642
642
642
642
643
643
642
643
643
643
643
642
643
644
642
642
642
616
624
620
642
606
616
601
598
570
568
584
551
574
570
592
571
581
563
550
557
565
555
555
529
513
516
500
503
502
483
474
458
441
441
434
436
426
430
423
418
398
402
420
424
414
421
409
400
388
394
397
375
369
367
359
357
358
355
373
384
377
391
391
375
368
367
359
352
352
351
339
339
333
319
326
336
331
316
335
335
328
321
323
313
298
313
302
310
318
326
330
331
316
308
315
314
304
325
304
312
301
290
279
275
289
297
292
284
273
278
270
267
277
281
274
271
265
251
283
279
303
291
283
284
277
268
280
279
275
268
268
270
272
259
262
263
262
273
260
279
275
266
269
288
306
310
298
287
280
290
296
290
273
290
278
276
287
281
289
282
265
269
285
272
276
274
272
261
253
276
268
263
264
270
285
280
269
260
258
272
268
266
261
253
286
282
277
295
303
291
281
279
269
260
254
254
244
233
223
218
233
229
238
231
236
239
234
231
234
239
234
230
223
215
205
202
206
202
244
255
257
254
242
257
253
281
285
275
265
274
269
277
278
283
291
274
262
257
255
261
256
255
242
235
223
227
218
219
220
213
216
206
213
215
240
242
240
242
240
235
233
234
233
220
219
213
233
226
222
211
214
214
210
208
210
217
207
217
223
225
227
224
222
243
233
224
232
239
231
228
238
232
227
225
227
236
254
250
246
251
248
267
259
253
246
249
247
240
247
256
245
245
237
247
249
242
246
237
240
262
258
244
250
263
260
256
256
254
252
249
258
257
245
237
227
219
239
235
236
229
219
219
217
231
219
225
245
259
254
253
249
261
278
274
269
265
283
297
314
305
301
286
294
307
299
310
322
317
304
301
295
303
292
290
281
274
277
267
250
277
269
280
295
292
286
300
297
287
278
270
268
271
294
306
305
291
297
309
341
325
333
357
359
341
339
335
334
326
311
295
286
289
302
289
283
273
266
265
268
261
253
247
237
228
232
226
217
216
219
224
224
226
228
230
231
229
233
243
261
260
249
242
241
242
246
247
248
246
253
253
251
247
243
237
228
216
201
197
191
204
205
246
264
271
283
295
309
317
332
336
352
379
398
411
415
432
439
443
445
455
460
467
461
474
480
481
475
466
471
492
494
494
492
482
480
472
480
481
481
471
474
472
471
468
463
460
458
447
435
446
449
443
432
434
442
445
441
435
432
428
425
416
408
404
404
398
390
382
370
364
363
360
340
357
359
360
359
351
349
347
341
338
330
322
317
313
307
307
302
296
295
290
275
284
282
276
267
267
261
256
255
253
247
249
244
246
251
251
248
241
241
241
237
228
226
224
220
221
214
212
206
197
189
198
188
180
182
186
184
185
185
178
178
174
168
164
173
171
165
161
167
163
157
171
178
186
183
188
185
184
177
177
178
172
178
174
171
162
160
151
156
155
152
155
171
170
174
176
172
163
163
159
155
149
142
140
136
129
130
126
125
126
124
120
116
116
111
110
106
100
95
92
90
88
90
89
87
85
83
79
75
71
67
65
63
60
59
56
57
55
51
55
55
55
53
51
49
47
44
43
42
39
38
35
34
34
38
48
49
50
48
47
45
42
41
41
39
39
40
43
41
41
41
39
36
36
35
32
32
32
35
38
35
36
34
34
33
33
30
31
34
38
36
36
42
43
43
42
40
38
37
36
36
36
34
34
31
30
29
31
31
29
29
31
30
33
39
39
40
37
36
34
35
33
34
34
33
32
32
32
30
29
36
46
46
44
42
41
39
39
35
36
34
33
32
30
31
32
30
29
29
27
27
29
28
27
36
35
35
33
31
31
30
29
28
26
26
24
24
23
22
21
28
27
28
28
28
30
34
38
42
45
41
44
43
40
40
40
37
37
37
37
35
35
35
41
37
39
41
38
39
36
37
41
42
42
40
40
38
37
37
38
39
39
40
38
38
37
39
39
40
42
42
41
44
48
48
49
48
51
50
51
52
52
52
50
49
50
50
51
52
54
52
53
54
54
55
56
54
54
55
57
60
58
61
61
64
66
67
69
71
71
72
76
75
79
79
83
87
86
87
88
91
86
94
96
96
97
100
100
103
102
104
103
110
109
116
120
120
123
126
131
130
134
134
131
130
133
136
139
140
142
142
141
143
141
138
135
135
133
135
133
133
129
130
129
129
125
124
124
122
121
122
122
116
121
117
118
118
119
117
113
113
116
115
110
111
107
107
107
101
104
101
99
100
97
96
96
95
98
99
97
94
94
92
91
87
87
85
84
82
79
78
79
78
77
75
76
75
74
73
74
71
73
70
68
67
65
60
60
59
55
55
51
51
48
48
49
47
45
44
43
40
41
38
40
38
38
36
35
35
33
32
31
32
32
29
30
31
27
27
27
26
26
24
25
25
24
23
23
22
23
21
22
21
20
21
20
20
24
31
39
47
47
52
54
64
70
72
83
89
113
142
155
189
209
218
231
227
232
226
237
243
243
243
277
287
301
299
303
309
352
357
343
331
324
322
321
314
309
299
351
334
321
319
313
294
296
325
331
341
390
388
414
423
409
396
383
385
376
367
357
371
363
360
359
353
357
359
337
352
340
324
334
352
353
333
335
331
320
339
336
319
306
305
295
295
291
298
310
314
302
298
310
315
302
302
311
317
306
296
278
286
323
333
326
318
322
329
327
314
318
303
317
338
342
329
325
309
310
320
320
306
310
295
324
333
314
316
319
303
307
307
313
301
308
299
284
283
297
285
281
277
275
269
293
288
274
271
288
280
274
266
272
274
258
260
266
256
263
250
250
241
240
230
216
213
220
211
221
216
215
213
217
232
242
262
252
240
270
266
269
258
250
259
247
240
235
241
262
264
255
268
263
259
249
276
262
268
258
249
241
258
261
257
252
271
273
270
265
259
267
269
267
267
278
299
305
302
292
298
293
284
291
324
346
362
362
351
354
350
342
333
357
353
365
352
347
337
324
332
333
334
345
348
331
320
314
304
325
325
315
315
313
297
294
289
273
260
261
299
313
322
309
290
278
272
284
274
263
279
280
276
275
275
281
264
268
295
317
311
300
303
299
291
299
298
286
288
279
288
277
284
278
282
285
285
287
280
267
251
249
240
238
256
245
241
249
248
243
249
246
259
271
287
289
275
270
263
273
283
281
280
295
306
299
307
299
296
297
282
272
269
251
259
257
254
272
293
301
309
306
294
312
341
339
318
300
283
285
300
313
326
321
317
348
351
331
371
371
360
360
368
351
342
330
333
354
340
335
331
344
349
352
355
351
374
394
386
410
436
439
478
488
505
510
528
523
520
533
517
522
504
525
536
515
527
533
534
555
536
553
571
545
569
594
628
627
637
641
642
642
643
643
641
642
642
642
643
642
641
643
642
643
642
643
643
643
643
643
642
643
642
642
643
643
643
642
642
642
642
643
642
643
642
643
644
642
642
643
643
642
642
642
644
643
642
642
643
643
642
643
642
643
643
642
642
642
642
643
642
643
643
643
642
642
642
642
644
643
642
643
642
643
642
643
644
642
643
643
644
642
643
643
643
642
643
643
642
642
642
643
642
643
642
642
643
642
642
642
643
642
643
643
642
643
643
642
643
643
641
642
642
643
643
643
643
643
643
642
644
643
643
642
642
643
643
643
642
643
638
637
623
605
583
590
562
557
527
511
502
538
528
501
490
476
461
446
440
445
429
401
377
359
357
344
329
317
315
300
283
267
256
250
241
240
232
225
230
227
228
230
251
247
243
256
265
274
293
318
315
320
315
315
320
331
332
319
319
324
332
324
324
329
316
316
317
319
322
327
331
338
331
326
333
341
344
339
341
333
324
326
318
314
306
308
301
297
291
289
292
283
290
293
289
283
283
281
291
282
276
273
276
270
271
271
264
273
302
292
278
267
269
269
269
275
268
266
280
271
270
277
275
282
292
290
275
264
261
261
264
260
265
265
257
253
250
250
246
249
250
247
241
240
247
239
234
229
231
232
238
228
229
226
232
232
221
217
224
221
224
217
224
221
236
221
209
203
206
204
206
200
197
207
201
211
208
228
218
204
194
189
192
182
177
176
179
174
171
175
169
165
158
152
146
143
133
127
121
117
111
106
110
103
98
94
90
89
89
92
90
85
83
79
78
74
70
69
65
64
68
66
65
63
64
61
60
62
62
61
62
59
59
60
66
69
71
73
72
71
70
71
75
76
82
87
94
95
100
102
112
114
118
118
118
115
119
129
130
139
139
135
138
133
137
137
137
136
131
128
127
125
125
122
121
116
113
121
116
111
103
98
94
91
91
92
86
85
92
98
95
91
88
87
87
89
88
89
89
84
79
76
88
87
82
80
79
78
86
82
79
75
73
73
73
71
69
71
69
68
71
79
83
82
82
79
77
78
77
77
71
68
70
68
66
63
60
60
63
61
59
58
60
59
57
59
58
60
55
54
53
53
52
55
56
53
51
52
49
48
46
45
43
45
45
46
45
44
42
42
43
40
41
40
40
40
40
39
37
37
36
33
33
36
35
35
42
44
42
42
42
43
40
42
41
43
43
41
40
41
40
51
56
53
51
48
49
50
49
47
48
47
53
53
53
54
50
50
48
46
46
52
52
51
51
49
48
53
51
50
50
50
49
49
52
57
55
53
52
54
56
56
57
55
57
63
62
59
60
64
66
67
66
68
67
65
66
68
67
68
70
67
68
69
67
74
81
82
86
88
86
84
85
80
78
77
81
81
81
78
77
76
75
77
82
95
107
109
108
112
112
114
114
113
116
114
112
116
119
127
138
144
145
141
147
156
169
175
182
181
201
216
213
208
209
213
210
207
196
194
189
183
179
175
171
168
164
158
152
148
143
144
140
134
129
129
123
125
123
118
113
112
109
107
103
99
96
95
90
88
85
88
91
90
87
87
86
86
83
82
86
83
87
87
86
83
81
79
78
77
73
70
67
64
64
61
57
56
53
52
50
45
49
46
43
44
42
44
51
52
51
54
57
61
66
72
78
83
87
95
100
109
118
129
139
152
166
178
191
204
218
235
250
258
268
275
283
291
298
301
308
311
314
317
321
327
328
328
330
324
322
316
313
306
300
297
297
288
281
276
273
268
264
262
258
250
243
237
235
229
233
223
214
201
199
207
205
236
241
231
238
249
259
261
295
314
306
287
275
263
290
305
321
322
302
299
301
302
290
276
286
293
301
293
285
311
298
294
290
290
286
283
322
312
295
291
287
345
353
345
334
344
346
344
352
356
376
365
393
378
371
409
424
423
415
408
399
395
406
394
405
393
420
429
438
453
465
477
485
477
468
492
502
498
502
487
504
517
519
518
497
471
483
500
487
486
491
462
466
475
480
481
479
512
485
468
456
451
488
468
456
447
456
452
445
426
441
452
449
424
405
399
379
400
388
364
369
393
387
372
393
374
356
363
368
371
374
361
354
374
361
362
381
413
407
427
405
401
391
431
416
406
384
387
381
363
382
389
411
407
396
377
372
389
391
383
369
361
352
347
373
371
360
345
327
331
321
306
300
325
309
295
285
291
289
295
309
334
347
342
328
314
327
328
336
329
323
401
432
451
428
414
405
402
397
388
378
369
374
361
346
355
352
338
329
311
318
324
311
340
325
314
304
291
287
289
281
266
277
268
262
255
246
259
269
269
264
264
255
267
267
283
278
263
258
247
258
271
272
286
282
287
299
284
287
312
335
330
331
317
312
300
291
281
277
263
252
241
235
249
275
281
271
258
260
265
282
286
273
268
276
279
282
283
306
307
331
350
330
347
331
311
300
299
312
320
308
319
335
328
314
318
315
324
339
339
336
317
317
306
317
316
320
317
308
301
317
337
357
378
394
402
393
371
367
351
358
342
351
354
353
353
376
406
410
401
390
371
369
365
364
401
421
406
395
383
363
371
379
388
389
424
420
409
412
394
399
394
391
385
414
415
426
427
427
432
455
438
426
427
430
429
444
428
412
399
377
387
405
422
414
400
389
375
386
393
403
404
394
401
385
376
387
390
400
412
418
415
407
392
383
379
363
379
365
399
421
414
420
424
425
415
412
392
370
383
418
440
457
439
433
426
408
391
399
406
392
397
385
395
391
383
365
353
404
416
420
441
431
437
433
457
475
471
486
482
465
456
453
462
445
430
408
397
385
389
402
432
426
421
419
399
397
405
395
405
396
402
432
432
425
408
406
402
393
402
428
440
446
426
419
453
439
424
404
385
374
373
377
386
387
376
391
391
378
368
391
378
364
349
333
327
323
373
388
375
369
364
370
378
373
388
387
363
360
385
375
362
339
356
361
384
397
402
389
379
364
379
366
362
393
383
375
380
389
400
422
436
437
415
420
402
390
379
363
368
373
361
361
365
375
368
348
330
331
313
311
332
338
328
346
344
341
337
329
328
326
325
319
305
288
277
270
263
273
289
308
346
384
386
380
365
396
399
397
374
361
348
361
346
327
311
293
277
260
251
251
251
237
227
218
214
203
209
210
217
230
224
221
221
216
214
215
215
220
209
202
192
180
172
163
159
159
158
155
158
161
159
161
158
154
151
147
147
145
139
138
139
145
144
142
137
136
130
125
130
128
130
139
144
142
153
145
141
142
145
156
156
161
165
170
171
193
190
214
244
271
297
331
356
379
421
460
490
541
581
628
641
643
643
642
643
642
643
642
641
643
641
642
643
643
642
641
642
642
644
643
642
643
643
643
643
642
642
642
642
643
643
643
643
643
642
643
643
642
643
643
642
643
643
643
643
643
640
624
612
606
599
592
580
567
557
542
529
512
514
505
478
477
476
473
466
459
445
436
425
417
408
399
389
378
370
358
356
344
343
338
328
322
318
309
297
293
287
275
267
251
248
246
240
230
232
224
213
215
210
204
204
192
189
188
182
183
178
175
171
185
185
180
193
182
189
184
185
182
177
180
177
183
182
182
181
175
169
159
151
155
151
149
144
137
135
140
135
133
131
123
119
113
113
107
101
94
90
86
83
78
77
75
82
94
90
90
94
90
86
84
83
84
81
80
78
79
82
81
82
85
84
82
85
81
80
92
101
99
95
94
93
87
91
93
92
92
90
98
99
97
96
93
91
90
96
107
107
107
105
103
103
99
97
95
107
101
95
88
86
82
81
81
81
82
78
75
72
69
72
83
84
85
82
80
76
77
73
69
66
65
65
64
62
63
62
64
64
65
70
76
71
70
74
78
84
82
80
80
80
81
78
79
78
80
84
94
96
96
90
89
87
84
86
86
82
78
75
72
69
67
66
66
65
65
72
73
71
70
68
67
63
61
60
63
59
56
64
71
71
68
66
65
63
62
61
60
56
57
56
57
54
54
55
58
60
72
78
80
80
78
82
84
86
88
91
94
100
103
109
113
107
121
126
131
127
134
137
141
145
143
152
158
162
189
202
217
227
243
255
266
277
288
302
309
315
326
336
353
363
371
380
381
386
389
391
393
386
396
405
408
408
405
404
406
406
400
397
396
391
383
389
389
385
386
381
380
377
373
371
364
358
354
344
345
345
343
348
342
343
339
332
321
322
318
321
322
320
314
308
306
305
301
291
295
289
283
274
282
285
282
278
275
272
264
251
259
255
257
253
249
238
243
240
239
237
231
228
221
223
218
215
205
206
207
204
201
193
199
196
195
189
189
188
182
178
178
172
175
171
166
164
165
159
161
158
158
157
154
151
150
149
142
140
134
136
135
139
144
142
143
137
135
131
131
130
126
120
117
115
119
122
121
117
113
109
112
107
103
99
94
91
90
88
85
88
86
84
79
77
76
74
72
73
71
72
69
65
64
61
69
74
71
70
67
65
63
58
59
55
52
51
50
50
48
47
53
63
61
57
57
63
63
65
62
62
69
69
69
68
68
72
70
66
64
66
67
68
73
74
78
83
87
94
93
98
102
116
119
124
130
137
149
164
168
161
163
173
171
185
188
189
201
209
214
217
232
244
275
266
252
269
263
260
263
281
279
282
291
304
297
309
301
292
296
321
327
318
322
313
316
316
303
313
318
305
318
325
328
313
311
309
295
290
284
283
278
297
304
286
279
280
291
294
308
311
319
316
329
329
339
348
350
361
378
382
393
371
376
375
379
400
410
407
412
422
438
441
445
443
439
446
455
465
473
483
491
509
516
527
525
535
556
565
562
564
565
571
569
579
593
591
618
613
609
611
612
617
617
614
612
610
613
614
614
608
613
604
601
594
598
592
581
576
578
584
556
538
529
521
512
496
484
473
468
460
438
436
419
410
413
399
385
376
355
353
379
361
363
353
342
364
348
342
345
379
432
425
430
427
433
436
468
453
442
431
446
455
457
451
441
494
494
490
491
504
495
466
487
492
510
489
484
493
510
541
537
597
598
613
613
598
587
575
565
547
572
612
602
588
644
641
634
624
631
606
605
601
565
588
570
563
537
526
537
534
536
516
508
520
503
491
491
497
479
456
461
445
432
472
490
466
492
510
532
512
548
530
517
500
476
469
479
505
496
509
525
528
517
499
504
499
482
455
456
439
418
405
383
364
345
329
329
354
350
338
335
324
310
344
372
378
367
356
387
407
397
395
386
393
416
403
399
408
396
375
380
373
368
353
338
337
341
334
340
364
361
351
357
343
353
349
379
366
360
340
331
335
339
353
347
333
348
347
342
386
382
385
369
390
372
353
357
365
350
334
326
362
373
367
375
376
378
363
349
353
361
351
367
358
345
332
340
336
339
327
327
344
345
371
379
360
357
363
346
328
338
366
367
368
374
359
339
332
326
310
309
305
394
418
438
417
395
394
391
395
414
407
405
411
420
421
431
418
397
398
382
369
367
385
377
361
351
340
348
362
363
356
342
334
346
361
366
350
345
354
380
367
382
385
375
381
373
362
353
362
361
404
414
402
376
365
384
476
475
461
446
464
459
438
435
423
407
395
399
379
368
391
394
381
390
392
394
381
361
367
380
390
382
369
361
358
352
400
403
399
406
424
405
386
368
388
423
445
426
406
382
393
388
371
359
385
395
392
386
382
375
369
369
367
351
330
307
291
275
288
290
303
309
330
355
356
348
377
429
417
401
391
382
357
357
388
378
387
368
380
385
401
402
400
395
403
415
399
401
401
396
375
364
357
348
347
326
315
314
327
333
337
363
423
412
391
373
362
368
371
402
406
411
393
374
365
353
361
354
343
328
333
330
320
307
291
273
263
258
249
232
244
254
247
247
246
234
245
248
236
236
226
211
199
195
193
182
175
163
156
147
145
138
146
147
145
151
147
144
137
143
145
155
161
161
159
159
157
152
151
148
144
145
143
143
148
147
155
186
181
177
177
172
175
165
158
152
144
136
129
124
122
138
145
151
158
164
169
175
180
184
186
180
198
198
211
218
225
230
236
239
242
245
244
242
239
247
240
241
232
232
227
235
242
240
241
239
230
236
237
236
233
235
230
226
218
217
212
205
203
190
183
186
188
179
178
180
180
178
176
171
170
167
169
169
167
163
157
157
158
154
151
148
144
138
134
127
128
124
123
122
117
124
127
128
125
124
122
120
119
113
111
107
107
101
99
98
95
93
92
87
87
86
80
79
76
75
77
75
76
75
73
70
70
66
65
61
59
62
61
58
57
55
54
54
53
51
52
51
50
52
52
49
48
49
51
49
49
49
48
45
44
43
42
39
40
41
42
42
41
38
41
46
43
42
39
38
37
36
32
33
41
41
43
40
41
40
39
39
40
42
39
39
38
37
42
47
46
43
41
41
39
38
37
34
35
34
35
34
32
36
40
42
43
42
46
51
54
55
55
58
58
55
58
58
57
58
61
64
63
60
68
70
70
74
74
75
70
74
75
71
71
72
69
69
68
65
64
65
67
64
64
63
60
58
58
54
53
51
50
49
46
44
43
41
40
40
38
38
38
37
34
40
41
43
41
40
40
38
36
36
36
34
32
32
30
29
28
27
30
31
29
31
31
30
36
37
36
37
36
33
33
32
32
35
32
33
32
32
33
35
35
39
44
44
40
42
42
40
40
36
35
37
34
33
32
31
31
33
30
30
29
31
36
36
37
36
34
33
32
36
34
35
35
38
43
45
43
48
51
49
47
47
47
47
44
43
42
41
40
38
36
36
35
35
36
41
53
61
66
67
70
72
75
73
78
84
87
92
94
96
101
104
104
112
115
117
117
114
121
122
133
139
146
176
184
214
241
260
276
295
309
326
340
349
360
370
371
379
393
406
418
434
435
454
469
474
485
486
498
504
521
533
541
558
571
584
589
602
614
616
637
636
642
641
642
642
643
643
643
642
642
641
642
642
643
643
642
642
643
642
643
642
642
643
643
641
643
641
642
642
641
643
642
642
643
643
643
642
643
642
641
641
643
643
639
634
628
615
618
619
611
606
597
588
581
578
567
567
567
563
559
556
549
545
540
532
523
517
511
505
509
506
494
492
493
490
481
474
464
468
464
457
436
441
437
437
430
422
419
413
409
397
390
372
377
378
379
363
355
356
355
348
347
346
341
349
340
338
340
343
348
341
326
329
334
318
322
326
324
314
311
309
294
298
298
295
293
281
273
276
263
262
259
260
274
271
268
274
270
266
259
250
240
241
236
221
222
211
205
202
196
189
183
176
175
170
162
168
165
168
162
161
157
151
154
147
146
147
144
137
130
126
122
114
107
101
106
109
103
99
93
90
88
86
83
82
83
86
85
88
88
88
99
96
98
99
101
124
122
121
120
125
131
128
129
139
138
139
144
150
155
160
168
180
181
184
191
195
200
203
211
224
221
225
229
237
245
249
250
253
267
273
263
264
266
266
265
263
264
267
271
277
289
283
282
293
290
291
282
307
301
297
326
325
321
311
322
339
332
342
368
352
335
342
346
370
376
365
360
350
360
385
429
444
431
435
415
424
410
405
392
391
407
405
397
392
385
378
416
412
458
438
448
437
442
421
433
436
429
418
458
454
436
412
442
431
524
532
529
586
583
568
571
576
595
563
547
552
539
558
563
537
533
520
535
596
584
563
557
559
579
565
614
601
582
617
642
642
643
641
619
626
620
643
643
643
627
611
597
610
594
604
618
591
589
592
587
574
582
596
589
562
569
572
554
560
534
552
521
546
567
583
561
568
542
551
546
548
526
504
506
517
490
505
491
509
493
490
495
529
524
513
504
543
522
506
552
582
570
542
539
534
513
522
510
484
489
494
496
496
493
491
513
510
507
488
494
481
454
462
452
435
469
463
442
422
435
421
436
440
459
462
440
438
434
433
432
434
417
411
435
444
452
437
420
443
440
459
471
464
474
464
461
441
452
447
438
432
450
449
435
423
439
442
431
414
416
417
406
424
439
466
450
477
470
456
436
420
399
384
384
390
390
379
366
366
356
344
353
346
383
387
376
371
364
394
393
394
401
439
426
408
400
455
450
446
426
414
423
420
407
396
399
417
415
410
390
397
408
411
399
414
425
406
391
370
388
371
380
381
369
364
357
360
370
392
397
389
396
388
377
368
361
362
361
363
376
385
379
383
373
413
425
408
386
371
349
342
324
317
323
310
315
307
301
311
311
317
335
327
310
298
302
287
284
285
297
324
324
354
364
363
408
398
390
367
391
382
392
379
365
359
341
396
409
396
384
370
371
383
377
363
365
351
351
336
322
313
323
334
330
335
354
347
351
377
397
387
394
385
384
370
348
340
325
312
308
308
321
333
339
352
355
368
360
343
330
333
332
349
343
333
331
316
302
299
308
318
298
282
266
263
266
265
281
288
286
281
302
326
340
367
367
353
331
323
319
329
313
295
283
266
268
267
275
302
288
293
296
301
298
291
276
287
296
314
301
290
288
282
279
280
281
278
269
266
266
265
252
258
257
244
249
279
273
263
252
239
227
215
202
197
199
191
189
180
178
171
176
172
170
163
158
151
155
157
152
156
159
163
171
171
177
183
190
203
227
228
230
237
257
261
265
275
272
272
275
277
262
252
243
237
221
206
193
183
172
159
155
157
159
158
158
160
164
173
183
189
194
199
202
204
209
204
213
241
261
287
317
347
381
406
454
498
526
571
607
638
642
643
643
642
642
643
643
642
641
642
643
643
642
641
643
643
643
643
643
643
642
643
642
643
642
643
643
644
643
643
642
643
643
643
643
643
642
642
643
643
642
642
642
643
643
638
633
627
634
631
617
631
637
641
642
642
641
642
642
642
642
643
640
642
632
636
630
623
618
612
605
598
594
586
570
569
567
557
541
540
532
531
523
508
499
490
480
488
490
487
477
472
466
456
448
442
432
424
418
412
406
384
376
394
392
388
384
378
377
374
371
366
361
359
359
356
351
340
343
338
326
344
350
353
354
356
355
359
359
360
359
362
361
357
355
361
362
357
356
349
347
349
347
343
337
335
326
316
312
306
302
302
293
288
282
275
269
262
250
249
239
230
231
223
220
216
208
201
193
184
176
167
155
147
139
132
124
118
113
106
103
107
101
94
91
88
85
85
87
85
87
88
87
88
89
103
99
103
98
97
99
98
103
103
109
116
121
125
132
138
146
150
156
171
179
178
179
184
193
191
191
195
195
200
204
203
200
200
200
204
204
205
206
207
210
214
219
223
222
226
227
228
233
236
244
237
237
236
235
234
232
233
231
231
232
231
235
235
236
235
230
224
215
213
220
210
207
204
200
198
196
192
192
189
186
185
196
191
187
185
181
184
181
177
177
177
170
167
164
162
172
167
161
168
166
159
158
161
151
142
133
128
121
114
110
106
108
106
103
101
103
98
101
96
97
99
98
106
111
113
111
107
107
104
103
100
99
97
93
93
96
94
94
100
97
99
109
120
122
128
130
144
151
154
159
160
161
158
163
157
163
163
163
155
161
156
148
157
165
165
167
160
161
168
168
166
166
164
160
154
155
145
153
155
153
152
145
135
143
139
142
141
147
146
141
138
136
135
131
126
129
123
123
121
117
117
121
115
123
120
116
114
115
109
106
105
107
109
113
111
111
110
111
109
109
108
112
109
108
111
129
127
124
116
116
118
114
108
103
105
108
109
110
112
112
108
108
107
104
110
105
105
99
100
100
104
102
102
103
101
97
92
92
94
95
95
101
104
106
103
102
99
97
98
99
97
92
90
94
91
89
87
83
88
84
84
87
83
87
95
95
98
95
92
95
92
94
95
95
90
87
83
81
84
85
81
81
76
75
79
78
75
76
72
72
70
74
72
70
68
71
72
69
67
64
61
60
57
57
56
55
55
50
58
72
84
80
78
74
73
72
71
68
68
64
60
58
57
53
55
56
52
51
50
50
61
61
61
63
60
66
64
66
67
65
66
63
67
71
69
68
65
62
60
62
62
66
68
79
78
78
80
84
86
85
85
90
90
93
98
106
102
101
104
105
110
125
120
118
116
124
133
133
130
140
147
161
161
170
176
188
215
255
303
288
281
296
291
286
299
316
305
302
357
355
367
365
362
360
357
349
342
343
344
339
322
328
349
369
356
351
351
348
367
362
343
354
376
379
364
360
367
361
395
420
441
427
437
434
444
453
449
426
433
414
423
425
424
435
438
429
432
445
436
456
448
452
455
461
462
458
462
459
471
481
501
494
491
542
568
551
544
534
517
547
553
550
545
523
535
526
528
554
537
545
554
541
555
554
547
559
570
569
642
642
624
617
599
607
600
596
604
610
585
615
618
607
634
607
603
590
588
570
583
580
588
569
604
583
587
586
571
563
564
563
553
571
568
569
541
531
523
524
537
548
522
535
524
524
522
524
516
525
519
529
545
524
509
483
490
504
496
517
493
492
496
493
507
502
484
469
464
481
481
464
462
476
464
459
447
453
431
441
468
482
462
442
439
423
425
429
413
419
414
399
399
401
380
385
374
361
353
353
368
365
372
377
362
363
353
360
353
357
348
340
341
333
367
360
352
349
333
322
313
337
325
312
301
282
293
289
272
283
266
261
254
251
240
259
278
277
264
265
276
268
288
322
316
315
299
302
297
294
291
278
283
292
279
270
276
269
270
262
271
265
260
283
273
276
265
269
274
280
271
275
279
265
284
305
299
283
278
290
308
296
292
307
292
284
303
308
301
310
300
306
297
292
290
282
272
259
271
267
272
269
253
245
251
256
265
287
283
280
287
294
284
285
293
309
312
300
289
282
278
278
267
289
304
336
333
331
343
329
323
337
319
341
342
324
308
295
286
280
290
282
277
275
261
248
271
296
296
285
280
280
300
330
322
307
302
284
275
261
250
250
272
263
260
269
272
287
301
317
314
317
301
291
278
267
260
248
237
232
224
234
239
254
261
246
232
232
235
228
231
227
255
250
248
274
287
271
271
260
257
269
265
258
244
260
275
274
286
288
284
278
273
279
281
266
268
270
264
252
251
256
286
288
280
271
291
305
326
349
335
319
307
307
302
300
293
290
283
274
273
278
282
292
296
294
282
287
287
275
272
263
246
237
229
233
233
230
225
213
207
206
218
229
237
237
228
235
231
224
236
233
251
244
247
251
262
276
262
263
259
263
272
274
261
250
238
252
241
237
248
244
231
227
221
218
224
217
213
206
200
196
192
203
192
192
192
184
182
181
180
188
198
203
196
190
213
212
242
250
272
269
268
255
252
257
250
248
236
228
218
208
205
199
223
236
236
235
226
262
270
290
285
280
263
287
306
310
296
280
276
268
275
262
248
235
221
215
201
195
186
179
170
171
170
160
156
155
158
161
163
169
174
181
185
193
207
213
208
209
211
215
222
227
239
235
247
239
243
243
242
236
234
235
229
228
225
229
236
223
216
201
190
179
191
189
176
166
154
150
142
144
142
133
130
125
116
108
104
103
99
94
94
98
94
89
86
85
82
79
82
80
83
84
87
82
87
85
82
81
81
76
85
85
86
84
81
81
77
76
78
80
77
78
81
90
87
88
86
84
81
81
77
78
86
84
86
91
90
90
92
93
95
95
97
92
91
106
111
117
119
121
124
123
126
132
134
154
166
174
181
187
192
190
196
189
205
214
211
219
218
221
216
219
219
212
208
204
217
220
218
217
209
217
211
219
221
219
216
212
203
205
205
204
198
193
192
186
187
182
182
177
171
172
168
168
157
158
162
161
155
150
150
147
141
131
129
134
132
126
123
121
119
121
132
127
123
121
119
114
112
106
106
103
98
95
95
92
91
91
101
99
97
98
101
99
97
94
92
90
88
88
85
86
84
79
76
72
71
72
69
68
64
61
59
60
62
63
62
62
74
72
71
74
76
71
70
67
67
68
62
60
64
66
65
63
74
74
75
73
74
73
68
76
86
89
88
85
83
84
83
87
90
93
98
102
100
95
93
93
98
105
104
99
97
93
94
94
92
89
85
81
77
75
78
77
74
71
71
68
64
63
61
61
60
62
69
73
72
77
76
75
73
70
66
67
67
66
65
61
58
56
60
62
64
63
68
71
67
64
62
58
58
58
56
52
50
48
48
45
51
51
47
45
50
54
52
51
50
48
55
57
61
58
57
56
53
54
55
57
56
53
55
54
55
53
65
72
70
68
66
67
67
76
75
80
77
73
72
74
72
68
64
63
61
64
66
64
64
64
62
61
61
62
63
65
73
81
84
81
79
77
76
74
70
69
73
69
67
64
59
59
62
68
66
85
96
108
129
158
189
212
243
278
310
336
380
425
469
515
545
583
631
643
643
643
642
643
643
643
643
642
642
642
642
643
643
642
643
643
643
643
643
643
642
643
643
643
642
643
642
643
643
642
643
643
643
642
643
643
643
643
641
643
643
642
643
642
642
643
643
642
643
642
643
642
643
643
643
643
643
643
643
641
642
643
641
643
643
642
642
643
642
642
642
643
643
643
643
642
642
643
642
642
643
643
643
643
643
642
643
643
642
643
643
643
643
642
643
642
642
643
643
643
643
642
643
642
642
642
642
642
643
643
643
643
642
643
642
642
643
642
643
643
643
641
642
641
631
630
625
619
606
580
583
565
543
561
560
552
541
530
529
519
504
487
504
497
472
495
484
472
490
480
516
500
506
518
493
498
522
531
549
539
552
540
568
577
610
591
585
581
570
600
600
588
566
582
565
557
544
532
519
544
521
526
542
620
635
613
618
622
602
582
566
564
617
603
595
565
561
550
524
519
497
490
469
488
478
502
514
520
505
492
479
461
461
479
463
437
421
397
388
389
403
388
415
392
392
402
423
424
431
420
412
389
384
375
372
363
358
339
329
350
344
348
346
354
349
349
341
335
318
347
353
364
362
354
363
397
408
442
470
459
443
447
470
457
473
467
487
487
489
500
497
565
569
570
552
570
622
623
642
625
627
639
643
643
640
643
643
643
643
642
642
642
643
642
643
643
644
642
642
642
642
643
642
644
643
642
643
644
643
643
643
642
643
643
642
642
643
642
643
642
643
643
642
643
643
643
644
643
642
643
643
643
643
643
643
642
643
643
643
642
642
642
643
644
642
643
642
644
643
644
642
643
643
642
643
642
643
643
642
642
643
644
642
643
643
643
643
642
643
643
644
642
644
643
642
643
643
644
642
643
642
643
643
644
642
643
643
644
642
644
643
643
644
644
644
643
643
643
643
642
643
643
643
642
643
642
643
643
643
643
643
643
643
642
643
643
643
642
642
642
644
642
642
643
644
643
642
644
642
644
634
642
643
643
644
639
624
614
622
606
596
586
577
565
581
606
577
587
570
566
619
602
601
625
609
616
597
586
616
588
577
580
615
602
594
578
565
594
570
562
588
566
555
531
515
536
509
494
492
478
482
483
489
474
456
465
461
453
488
504
490
494
478
477
503
539
542
528
530
549
574
546
532
506
472
479
483
483
485
480
462
438
480
461
446
435
422
463
451
430
410
387
377
365
354
367
369
367
351
356
338
366
371
397
393
385
372
367
369
359
374
380
373
359
365
368
350
367
374
354
337
324
313
322
323
310
316
330
316
315
327
326
323
320
309
364
365
360
367
368
349
374
367
353
344
333
332
334
339
338
354
349
335
325
320
311
305
305
293
275
288
284
276
263
249
242
258
262
265
303
285
271
293
304
309
294
294
301
292
285
288
291
282
270
251
247
238
251
247
231
217
205
201
196
187
195
191
179
171
161
168
168
164
157
160
156
163
168
167
164
164
167
177
173
167
170
187
187
191
178
176
172
169
163
166
164
163
155
151
151
143
137
130
128
128
123
118
115
114
108
100
100
101
97
93
87
86
84
81
78
75
73
73
73
70
68
68
65
62
60
57
58
61
60
57
53
50
49
48
48
48
49
58
61
67
75
77
81
83
79
78
78
85
92
92
88
87
83
82
81
79
75
76
72
70
68
67
66
64
61
58
58
58
57
57
58
53
64
65
61
62
61
66
66
67
68
64
64
64
65
65
64
66
66
67
67
68
68
67
66
68
68
68
67
66
66
64
65
66
63
62
62
59
59
61
61
57
54
57
57
61
63
64
63
64
62
62
70
71
70
68
66
64
68
68
70
70
67
67
70
75
80
80
80
82
81
78
79
80
78
80
77
76
73
80
79
82
79
81
82
82
83
82
82
84
81
80
80
79
80
81
78
84
90
89
87
89
89
90
89
90
89
87
86
86
84
81
83
86
86
85
85
84
80
80
78
78
75
72
71
73
71
69
68
65
64
62
59
59
55
55
52
52
48
47
43
42
39
38
38
35
36
35
38
39
42
46
50
54
58
62
68
73
81
85
89
93
98
102
107
113
121
126
133
139
143
147
152
155
160
163
162
158
148
140
141
156
175
201
232
260
283
310
336
357
375
393
407
423
435
448
464
485
512
539
574
616
643
642
643
643
642
643
643
642
642
642
642
643
642
643
643
643
643
643
643
641
643
642
643
642
643
642
642
643
643
643
643
643
642
643
642
642
642
641
643
643
643
642
643
641
643
643
643
643
643
643
642
641
642
642
643
642
643
642
637
626
602
598
586
589
590
584
577
569
561
547
529
523
520
512
512
494
495
487
472
467
477
466
461
460
441
457
450
456
452
443
448
447
444
439
442
440
438
443
421
442
453
456
446
444
445
458
455
439
469
471
468
471
468
457
456
440
450
438
432
435
440
445
458
451
451
470
470
474
466
463
454
459
462
454
452
428
440
437
431
414
411
434
431
424
413
393
387
383
381
372
372
364
358
349
337
330
315
330
337
333
329
325
312
301
291
305
311
297
300
287
285
285
290
286
282
278
277
277
267
256
251
242
258
261
265
253
251
261
275
277
268
259
249
237
234
229
213
202
191
187
180
176
170
163
152
147
157
163
158
153
148
139
130
135
137
140
139
135
129
124
118
113
137
152
146
142
142
133
133
132
133
127
133
129
122
121
121
137
149
156
156
150
141
147
145
147
157
151
154
155
171
172
186
173
174
173
176
169
169
171
179
190
197
190
193
196
212
221
221
226
240
257
246
249
255
267
263
270
284
299
288
289
291
294
292
293
295
300
301
314
309
308
318
316
312
311
324
333
319
314
324
326
325
323
312
307
313
305
314
315
297
285
287
287
282
276
276
276
272
263
264
259
254
247
237
233
226
224
219
212
206
203
206
195
187
180
181
185
177
173
174
165
159
152
150
149
149
150
153
149
149
148
146
150
156
159
157
154
154
157
155
159
165
167
163
165
166
167
165
170
173
172
171
175
176
174
178
178
183
188
186
183
184
191
188
187
191
191
193
196
196
190
188
188
192
193
197
194
193
194
191
189
195
189
193
190
190
190
190
189
194
190
185
182
184
181
181
179
176
175
173
175
177
174
169
169
165
164
169
171
167
169
166
159
165
172
174
169
175
172
175
171
222
231
246
266
294
304
297
296
308
316
313
319
309
297
291
300
310
307
324
363
351
338
339
377
418
445
436
539
588
621
619
633
621
600
643
616
641
643
644
640
632
642
642
643
644
642
644
643
642
642
644
642
643
642
643
643
642
643
644
642
644
643
644
643
643
642
644
644
643
644
643
643
644
642
643
643
643
642
642
643
644
644
643
643
644
643
644
644
643
643
643
642
643
642
643
643
642
644
642
643
643
643
643
642
642
643
643
644
632
615
599
588
594
571
576
580
572
564
583
608
597
624
621
622
616
611
615
629
609
603
575
555
565
557
591
579
564
547
558
570
566
548
534
517
528
513
523
524
502
520
509
522
523
496
495
491
501
523
526
501
522
518
519
516
492
518
515
523
537
528
500
480
459
445
482
464
462
451
442
426
423
424
419
398
383
426
419
408
403
390
399
394
387
410
401
385
374
381
378
364
349
338
369
396
381
358
355
342
325
318
304
303
284
289
299
315
301
309
313
323
319
308
297
288
274
267
317
327
331
322
314
311
333
333
329
337
329
328
319
313
312
311
322
340
343
338
347
329
359
351
333
319
307
299
317
314
308
297
279
313
309
326
325
346
336
320
336
364
353
355
339
359
345
339
354
363
370
371
372
356
335
321
315
317
315
302
289
297
301
311
295
288
274
264
261
280
285
275
266
262
255
259
260
267
278
284
286
291
277
279
276
272
283
296
286
281
287
290
284
279
286
312
319
300
289
284
284
272
265
272
261
257
265
271
299
314
306
302
289
300
300
295
294
312
334
344
324
311
324
310
299
312
325
314
305
293
301
308
313
296
323
341
328
349
338
327
348
349
350
376
373
398
410
394
375
369
375
368
347
333
315
306
293
321
343
353
343
349
425
449
426
401
395
436
427
417
413
398
388
384
384
408
435
437
449
456
462
480
507
549
562
594
608
643
642
643
642
643
642
643
642
643
642
642
642
643
643
643
642
643
644
642
643
643
642
644
643
642
642
642
642
643
641
643
643
642
643
643
643
642
643
642
642
642
643
643
643
644
643
643
643
643
642
643
643
643
643
642
643
643
642
642
642
643
643
644
642
642
643
643
643
642
643
642
643
643
642
642
642
644
643
643
642
642
642
643
642
642
643
642
643
642
643
643
643
643
642
643
643
643
643
642
641
643
642
643
643
643
642
643
642
640
610
607
599
569
582
562
554
528
513
498
514
505
499
486
470
458
443
429
408
396
389
376
365
352
337
327
312
309
309
305
299
288
272
260
254
251
242
230
219
203
192
193
186
173
174
166
162
155
154
150
167
191
189
180
193
191
179
173
161
152
145
137
134
138
136
133
135
127
124
116
116
112
105
100
93
94
96
95
105
111
106
109
105
100
106
102
95
93
87
88
84
82
76
74
81
81
83
90
94
94
92
88
89
87
88
85
83
84
85
87
87
89
99
107
104
105
112
125
135
138
135
130
129
130
129
129
129
132
137
153
147
151
151
156
165
163
174
175
178
189
199
204
197
193
196
199
197
195
194
191
200
202
201
197
196
195
194
205
211
207
205
204
205
205
211
212
202
202
208
209
214
217
221
211
210
209
209
204
220
211
206
209
213
215
217
224
225
226
233
239
244
249
263
259
267
273
265
257
256
252
253
254
252
252
255
256
258
256
260
258
262
254
261
256
258
255
251
250
253
247
246
254
244
252
245
238
234
230
232
230
230
237
230
236
227
227
225
223
233
237
230
237
230
239
232
228
230
228
234
255
238
236
237
226
226
242
241
234
233
235
239
251
247
251
249
254
250
258
274
272
271
280
270
271
266
262
277
276
282
285
267
266
269
276
272
277
277
286
296
291
276
277
272
266
272
274
276
266
261
261
279
269
267
261
258
254
245
239
243
239
235
230
217
213
205
201
190
177
173
164
161
160
157
151
146
140
131
124
116
115
110
110
106
98
96
94
95
95
99
98
101
105
103
97
94
92
95
95
93
93
92
107
102
101
101
111
114
115
111
114
111
107
105
102
99
101
96
99
103
97
97
95
93
97
113
111
111
103
103
100
96
91
92
93
90
90
86
83
81
84
86
110
133
143
139
140
143
148
152
153
158
161
165
170
164
178
190
187
188
187
193
195
199
203
214
220
231
243
253
249
263
279
293
310
315
319
344
362
378
376
395
414
428
424
450
464
472
485
495
506
500
517
522
530
536
544
546
548
548
540
545
548
549
546
540
539
538
535
524
519
514
513
511
508
503
497
493
488
480
477
469
465
464
459
455
450
442
441
436
430
427
419
414
407
404
400
396
391
387
381
379
372
372
365
354
353
355
353
348
343
338
334
332
328
325
320
316
312
306
302
298
293
284
292
291
285
284
278
273
270
264
262
260
254
251
244
243
241
238
240
230
222
220
219
237
240
233
232
231
226
221
218
210