87
86
84
84
88
91
93
92
87
87
86
83
82
79
86
88
82
81
78
81
84
84
81
76
79
84
84
90
93
91
88
89
88
85
89
85
85
83
80
80
79
85
84
83
84
84
82
82
82
78
75
72
73
71
74
78
78
78
84
85
85
82
82
78
80
80
77
75
77
85
86
86
88
95
96
95
90
87
82
81
83
86
96
105
107
103
97
95
92
97
99
97
93
95
93
88
84
84
83
81
78
81
88
88
84
79
78
75
77
75
76
74
71
70
71
70
69
69
74
76
83
86
96
91
88
84
82
81
80
257
643
643
643
643
643
644
643
643
643
643
642
643
641
642
643
642
642
643
643
643
643
642
642
643
642
643
643
642
643
641
643
643
642
642
642
642
642
641
643
642
641
643
642
642
643
643
642
642
642
642
642
643
642
643
643
642
643
642
643
641
642
641
643
642
643
642
641
643
641
642
643
643
641
643
642
643
643
641
642
643
642
643
642
642
643
641
642
643
642
641
643
642
643
642
643
643
643
641
643
642
641
642
643
641
643
642
643
641
643
643
642
643
642
642
642
641
643
642
636
618
607
605
604
588
588
582
575
558
559
551
539
509
514
509
509
506
503
477
481
469
468
463
454
431
451
450
447
445
432
426
402
415
400
398
401
400
385
386
375
373
371
362
349
350
342
348
331
338
331
338
330
323
317
308
305
290
292
296
304
293
278
275
282
278
267
273
259
270
262
248
254
255
245
247
253
251
242
248
247
249
249
235
232
236
234
224
230
229
222
217
216
217
207
216
227
223
226
235
224
218
228
228
225
223
211
200
195
206
207
213
211
208
204
199
206
209
206
202
197
196
185
186
200
193
195
211
223
233
222
220
221
215
204
202
209
219
215
211
214
218
206
207
192
194
193
199
193
192
196
189
189
183
193
192
184
183
178
185
181
182
199
190
191
184
177
188
183
175
174
169
180
189
194
209
205
217
214
217
213
207
203
197
199
195
184
192
192
191
198
194
186
179
195
191
192
183
188
185
176
175
182
202
195
200
207
220
218
223
221
215
206
208
199
211
210
210
226
219
218
211
220
213
219
212
206
221
224
221
220
209
212
218
229
232
241
235
236
257
263
256
258
255
248
243
241
238
230
234
231
239
229
224
225
227
219
229
232
227
236
225
224
229
232
227
222
227
236
243
243
235
225
226
215
236
250
255
249
253
248
253
260
268
257
264
261
268
270
268
259
255
259
268
275
287
284
280
281
280
274
284
298
296
306
301
309
299
286
298
310
311
315
305
307
301
304
329
332
338
327
324
322
323
313
318
325
333
329
321
329
339
334
327
308
317
319
331
338
330
315
321
336
342
343
331
327
336
329
324
319
325
320
324
323
325
332
328
322
311
321
321
315
319
314
305
317
315
309
307
314
301
310
312
312
302
301
309
298
295
303
307
306
308
297
301
311
313
305
296
317
316
315
317
314
317
312
303
303
327
314
319
309
302
307
310
300
307
314
309
305
306
317
310
312
317
312
300
308
308
315
316
321
310
307
307
315
298
311
314
303
306
300
297
309
304
298
309
305
292
297
304
295
294
286
276
278
287
286
280
289
279
280
282
287
276
274
289
283
275
278
275
274
260
255
270
272
267
276
267
270
268
259
258
255
251
249
238
243
243
237
226
224
217
218
210
200
203
204
203
196
206
217
210
207
204
212
236
230
261
267
264
256
257
272
269
259
286
317
314
305
341
324
355
372
387
397
404
409
409
436
439
443
487
475
460
482
494
506
505
516
492
470
457
436
433
437
486
498
525
519
519
499
480
482
578
622
609
594
593
611
625
643
634
626
610
621
607
595
591
586
569
547
546
604
634
643
643
643
642
644
643
642
643
643
642
643
642
635
642
626
631
615
606
594
642
626
615
643
643
643
642
626
635
631
634
642
641
642
642
642
637
636
642
631
607
578
565
592
596
590
587
615
615
595
571
566
579
556
562
592
570
556
556
559
603
583
586
602
604
604
613
615
632
629
618
622
606
608
595
620
639
644
642
642
642
635
628
643
625
624
620
627
598
616
610
602
643
642
643
643
643
643
643
641
642
643
642
642
642
642
641
619
633
631
643
643
643
643
643
642
642
642
642
643
643
643
643
643
642
643
642
643
642
641
643
641
639
635
641
642
642
643
642
639
642
642
643
643
643
643
642
643
643
642
643
643
643
642
643
642
642
642
643
643
642
642
643
643
643
643
642
642
642
643
642
642
643
642
642
643
642
642
643
642
643
642
643
636
640
628
618
618
610
608
605
596
588
582
579
581
594
579
566
556
563
562
551
554
535
526
522
516
511
508
520
495
490
510
492
499
479
470
462
455
453
451
452
439
432
432
426
426
422
421
423
418
415
406
397
406
407
397
386
378
380
374
362
363
359
356
350
355
364
342
331
337
330
321
311
331
334
313
306
298
295
292
293
281
278
273
278
271
261
251
249
252
243
243
232
230
235
246
247
235
221
219
228
235
227
219
227
230
232
217
214
221
214
206
192
190
181
177
176
170
166
166
159
160
155
149
142
136
140
149
151
145
137
131
126
123
117
114
118
123
126
133
131
127
133
129
124
123
121
121
119
114
122
127
137
142
137
135
134
131
133
132
135
131
129
126
119
117
114
115
114
120
115
116
116
128
140
143
135
132
131
126
127
126
125
121
120
128
128
124
127
135
141
136
135
140
137
133
135
141
137
145
151
158
167
165
168
170
167
164
174
167
181
181
179
177
183
189
189
192
193
201
204
200
196
184
187
180
181
191
197
200
205
205
202
205
217
217
222
220
235
236
241
242
252
256
256
255
242
246
247
243
241
239
239
230
230
231
226
221
237
242
236
242
240
235
241
242
246
243
246
237
234
227
231
233
228
225
230
234
223
231
226
216
236
232
238
246
246
240
235
226
233
239
230
231
237
232
231
227
220
220
224
243
250
240
249
240
239
245
246
237
245
232
239
233
243
236
240
232
218
237
243
234
226
227
232
232
223
229
226
227
238
235
231
226
223
233
233
231
228
235
232
225
234
227
223
225
231
228
226
233
239
240
237
224
230
228
221
215
218
218
215
210
213
205
204
199
204
201
191
188
182
186
183
179
169
165
174
177
170
166
160
158
155
150
149
139
146
144
141
139
157
175
172
160
157
162
165
162
160
152
146
141
141
134
131
131
132
126
121
115
120
120
121
117
115
115
111
110
113
111
111
108
102
105
102
105
111
113
118
120
116
113
106
103
117
116
119
122
121
117
111
111
105
103
101
105
101
104
110
107
103
103
101
105
108
105
99
99
99
93
95
98
97
94
89
87
85
83
80
77
76
85
93
93
89
87
87
89
87
82
80
79
81
80
81
82
85
84
89
93
92
96
102
103
99
95
92
90
86
89
87
96
105
101
97
95
90
89
91
103
101
96
94
97
96
93
92
89
96
100
98
103
115
111
110
106
103
105
118
115
111
111
107
106
105
110
113
111
114
128
135
138
144
145
145
154
161
180
210
223
255
281
301
329
343
350
386
402
396
387
379
369
367
401
456
450
473
478
476
501
512
635
636
642
643
642
643
643
642
643
642
643
642
642
642
642
642
642
642
642
642
643
643
642
642
642
642
642
643
643
643
641
643
642
642
643
643
643
642
643
642
643
629
642
643
643
644
643
642
642
643
643
643
643
643
643
643
641
642
642
642
643
642
643
642
643
643
641
642
643
643
627
614
601
633
643
634
614
604
580
575
557
546
534
518
543
541
549
532
544
530
527
546
562
565
606
594
597
591
593
616
611
600
595
590
575
590
628
609
582
560
554
577
563
534
505
522
542
568
549
569
569
552
554
536
544
545
535
507
497
482
474
475
477
478
476
470
460
467
489
489
468
455
434
484
484
498
506
499
508
496
496
510
510
493
489
481
486
471
459
448
448
441
430
414
394
413
412
397
405
396
408
393
390
399
416
405
399
402
409
395
394
393
392
394
398
389
396
394
397
394
393
400
418
397
392
410
401
399
397
400
413
400
397
394
400
404
393
379
401
394
378
371
381
366
380
377
383
361
359
353
347
343
345
354
343
342
333
327
352
340
329
317
323
319
327
310
303
307
302
304
301
294
296
292
292
272
269
274
280
282
264
257
273
257
259
252
248
240
270
260
248
248
238
240
231
230
223
218
210
212
205
200
209
203
194
188
179
172
174
185
183
190
184
176
167
157
153
152
142
136
131
125
125
120
113
112
105
118
120
116
122
128
123
117
113
108
127
138
135
133
136
132
134
127
127
124
127
123
127
126
122
125
121
113
108
109
103
102
105
105
105
102
102
102
106
104
104
105
104
107
107
103
109
110
115
121
120
127
131
126
139
169
176
177
176
172
177
176
172
186
183
200
207
210
205
209
219
229
217
215
210
213
218
217
211
222
217
220
229
226
218
223
228
234
240
238
233
228
231
253
242
238
249
248
250
249
257
255
263
260
264
275
283
279
279
268
270
275
271
259
255
261
282
287
278
280
275
280
281
288
288
313
318
317
323
319
315
318
306
305
311
316
312
311
313
309
307
305
304
312
311
315
330
333
335
333
332
333
329
332
317
332
339
335
344
347
356
353
347
335
347
356
342
353
366
367
371
362
372
370
372
377
370
385
395
402
401
399
386
412
412
423
405
410
408
425
431
434
439
441
427
465
470
460
461
463
466
466
456
448
472
469
466
453
459
465
453
460
464
472
470
471
481
499
487
487
488
515
522
514
526
536
533
535
544
548
538
529
545
554
571
572
567
578
569
568
569
586
593
599
601
596
600
605
589
598
606
604
614
611
596
601
607
608
601
603
613
618
622
625
628
618
610
622
629
618
622
616
624
634
642
641
630
626
622
635
627
631
622
613
624
626
627
632
632
630
629
629
619
608
612
607
605
606
596
591
587
588
603
600
598
594
581
581
587
589
583
577
572
570
563
549
548
555
567
564
545
553
546
528
534
530
540
541
544
541
528
527
507
520
515
521
529
518
512
498
494
507
505
495
496
490
472
467
478
479
470
477
477
471
460
456
453
444
438
426
420
421
432
434
428
420
421
421
417
405
408
408
396
396
377
391
399
389
378
374
373
368
371
369
371
367
364
354
345
350
355
358
350
345
343
330
322
327
330
328
329
315
306
318
327
323
319
317
309
316
312
310
313
322
305
306
299
295
285
296
288
288
287
281
278
275
259
272
269
263
254
266
266
262
247
235
234
237
236
231
217
216
221
211
203
196
201
192
189
185
178
179
178
167
172
170
163
157
149
147
140
142
142
135
126
125
121
115
120
124
128
121
122
119
113
110
110
112
108
107
100
115
120
125
131
128
137
139
135
141
137
137
132
135
131
140
140
135
129
140
140
137
140
142
154
165
160
159
169
160
166
165
167
170
166
167
167
168
172
175
173
171
180
181
183
182
181
191
200
201
199
194
184
187
189
190
190
198
209
202
202
205
210
200
205
215
224
223
214
223
215
221
219
223
223
233
238
237
223
230
240
239
243
242
234
236
236
237
241
251
255
250
242
243
246
257
249
240
237
243
237
241
244
247
254
254
253
257
264
246
237
236
238
250
262
252
245
244
259
252
241
239
236
240
239
249
251
243
231
231
240
230
221
220
226
218
216
212
211
217
219
216
209
211
224
219
234
239
235
224
218
211
223
217
250
243
250
251
242
237
294
308
310
320
315
312
302
307
315
321
312
304
322
337
357
378
411
406
410
406
451
435
441
441
428
470
525
522
597
610
604
598
589
575
558
583
582
555
559
599
597
572
556
589
567
557
588
598
628
596
576
567
587
574
624
620
603
642
643
643
642
643
623
599
591
568
563
557
577
600
586
598
586
609
613
616
594
570
567
558
573
572
583
580
610
604
600
588
626
614
593
611
597
626
638
617
597
572
562
614
638
643
641
642
642
641
643
642
643
642
641
643
642
643
642
642
641
642
643
642
642
642
642
642
642
642
642
643
643
642
643
642
643
642
643
643
642
643
643
643
642
642
642
643
643
643
643
642
643
643
643
641
642
643
643
642
643
642
643
642
643
642
642
642
643
643
641
642
643
642
642
642
624
629
610
623
606
643
627
642
641
635
642
640
621
642
642
632
624
614
642
643
611
614
642
642
642
642
643
642
642
643
643
642
643
643
643
643
642
642
642
642
642
641
642
642
628
620
632
624
608
599
581
566
563
551
531
509
501
484
487
493
489
468
456
444
438
439
435
431
427
416
410
410
419
407
407
401
396
388
392
386
383
373
373
364
360
355
355
357
355
346
358
344
343
339
342
338
336
339
342
335
324
326
327
334
316
309
303
297
295
290
284
292
275
270
267
261
264
256
257
248
236
229
227
223
223
215
210
202
199
198
200
191
191
185
186
183
179
168
163
166
162
157
156
160
155
145
152
160
183
206
195
186
176
166
163
156
153
187
198
191
185
179
171
178
182
178
175
172
163
155
151
147
145
160
167
163
158
154
157
180
175
166
167
167
166
165
167
168
174
169
166
168
172
163
171
188
183
182
175
177
171
166
160
179
191
188
188
193
187
189
198
188
195
194
188
187
181
183
189
183
189
207
214
209
200
194
192
187
188
183
177
173
180
178
182
185
176
170
165
153
156
170
163
164
160
156
146
158
153
148
142
139
137
134
134
132
134
138
142
142
135
138
141
140
146
148
141
144
145
142
142
145
156
157
151
142
145
141
146
148
145
145
147
143
142
134
131
130
125
119
113
115
121
122
141
135
139
149
140
133
133
136
135
135
135
128
128
127
124
130
127
119
117
119
131
128
125
120
119
117
124
119
119
113
113
110
109
107
103
101
97
96
93
95
99
99
95
99
99
98
95
97
95
90
89
91
89
83
82
81
82
81
79
76
73
70
69
66
64
64
63
63
63
65
62
60
60
58
58
56
54
52
50
48
47
46
44
47
44
45
44
42
42
41
41
39
38
36
35
34
32
33
31
30
31
33
33
30
29
29
29
29
28
27
28
26
27
31
33
33
35
36
37
36
34
37
43
42
44
44
41
39
38
42
44
44
43
45
45
44
47
51
61
63
64
62
64
62
60
61
60
59
63
63
65
68
72
71
74
76
81
88
84
81
84
85
85
89
96
96
96
105
115
115
127
134
132
127
126
124
135
129
130
126
121
121
123
120
119
130
123
122
118
117
124
125
125
126
131
127
144
153
145
137
130
127
121
116
110
110
112
108
100
100
95
103
111
108
102
97
98
97
98
96
93
90
94
92
97
96
98
93
91
87
82
79
75
73
71
73
75
81
80
80
77
76
73
71
74
70
68
71
77
82
98
106
109
110
110
104
99
108
108
103
97
92
93
96
92
88
86
82
79
77
76
76
81
78
78
79
82
81
78
84
106
132
135
126
125
126
126
119
115
116
114
114
111
111
105
100
94
91
91
93
93
91
97
97
111
112
106
114
126
121
121
117
113
109
108
111
120
121
128
131
137
129
126
126
128
141
136
146
147
142
139
147
152
160
153
146
154
164
169
202
276
373
384
397
433
439
438
488
477
496
486
528
546
571
634
642
642
642
643
643
642
643
641
642
643
643
642
643
643
642
643
643
642
642
642
643
643
642
643
643
643
641
644
643
643
643
643
642
643
643
642
643
643
643
643
642
642
643
643
643
643
642
642
642
643
643
641
643
642
642
643
642
643
643
643
642
642
642
642
642
643
642
643
642
643
642
643
643
642
643
642
642
642
641
643
643
642
642
642
642
643
643
642
643
643
643
643
643
643
642
642
643
642
643
641
643
642
643
642
643
643
642
642
643
642
642
643
642
643
643
643
643
642
643
642
643
643
643
641
643
643
642
643
642
642
642
642
642
643
641
644
643
642
641
641
642
643
642
643
642
643
642
643
642
643
642
643
643
642
642
643
642
643
644
643
643
642
642
642
642
642
643
644
643
643
643
643
643
643
643
643
643
642
642
643
642
642
643
643
630
638
643
643
642
641
636
629
634
605
589
554
532
520
498
492
476
447
420
395
372
357
342
333
314
304
297
286
279
268
262
255
246
250
241
234
219
208
195
185
185
187
178
172
163
162
160
172
166
165
160
158
159
157
161
152
148
142
139
158
159
151
147
150
149
146
155
161
165
161
167
188
197
187
184
202
200
220
223
230
229
236
231
253
262
266
281
292
295
302
298
310
320
321
306
330
348
363
358
365
363
388
401
418
421
424
445
459
468
483
475
488
490
499
505
518
525
520
544
536
553
559
557
569
565
594
588
596
607
614
615
617
612
623
622
631
637
637
641
643
642
643
643
643
643
642
639
642
642
641
643
642
643
642
643
643
643
643
643
642
643
642
642
641
633
642
615
642
640
632
620
615
611
602
608
593
591
565
577
585
585
579
564
572
576
569
548
559
571
565
560
573
567
545
541
557
553
546
539
541
543
531
525
529
521
506
496
506
509
494
491
500
505
502
488
488
486
478
468
469
471
459
456
457
456
457
444
442
426
435
459
450
461
448
452
448
442
426
431
411
398
409
420
422
416
406
399
394
385
398
395
400
392
390
384
387
371
372
377
372
357
350
355
353
369
374
360
363
361
362
359
346
355
366
360
352
353
346
342
343
323
337
338
334
319
309
319
329
310
316
310
302
301
309
301
301
288
297
279
284
278
274
261
252
248
243
233
221
215
207
212
208
199
187
180
173
166
158
158
155
149
143
140
134
126
133
130
148
146
147
139
136
141
138
141
153
144
144
146
143
161
161
159
153
155
160
160
170
173
182
184
180
185
203
208
209
223
219
218
219
222
231
240
254
247
249
259
262
269
276
286
288
289
310
299
306
311
325
330
326
330
329
337
336
343
344
352
352
360
360
363
361
365
377
363
362
373
389
375
368
371
372
372
372
368
368
368
378
374
377
377
366
365
364
358
365
381
374
369
363
364
361
357
361
359
354
351
344
346
349
351
346
341
344
345
333
333
329
328
327
329
323
322
318
315
337
324
319
315
303
299
297
299
299
300
297
299
301
291
291
292
286
277
278
281
284
282
275
268
262
259
274
263
261
263
259
254
250
252
251
254
254
256
263
252
251
244
237
237
234
234
238
244
248
237
225
225
219
213
212
213
213
214
214
209
212
232
223
211
203
210
200
202
227
221
217
205
199
193
192
202
212
208
198
194
200
199
205
202
198
192
188
183
177
171
168
173
165
162
153
145
143
143
142
140
137
141
142
146
143
135
129
124
117
115
118
117
114
109
122
132
130
133
141
161
168
182
231
245
252
370
368
376
376
367
379
371
375
365
406
425
413
433
473
536
520
512
549
569
554
564
550
586
639
641
643
630
603
588
584
596
588
630
624
636
642
635
623
610
581
598
579
570
577
643
636
643
614
605
575
572
582
616
643
623
604
622
609
607
636
642
643
642
643
643
643
643
643
643
642
641
643
642
640
641
643
643
642
643
643
643
643
642
643
642
642
643
634
642
641
643
642
641
641
631
623
605
588
617
621
614
628
642
642
641
643
642
643
642
643
643
642
643
643
642
642
636
641
642
629
614
633
629
617
624
609
595
619
616
603
577
592
643
643
642
642
642
643
642
643
642
642
641
642
642
643
643
641
643
642
643
641
643
642
643
643
642
643
642
637
643
643
643
631
634
615
592
598
606
607
588
604
624
617
591
605
604
639
643
642
624
621
612
595
605
639
642
642
643
644
630
612
620
623
606
581
565
557
547
559
589
630
624
614
593
572
596
613
588
576
559
585
585
566
533
521
529
510
522
540
519
547
580
547
624
643
642
635
628
642
611
607
600
589
631
634
611
616
594
582
581
561
569
559
533
506
477
483
486
463
457
438
487
527
501
487
480
464
447
426
433
423
418
435
481
472
464
444
452
431
424
428
445
418
405
387
369
375
392
381
364
344
324
313
311
297
289
279
281
277
266
261
257
254
242
233
219
212
206
194
184
171
161
151
145
147
146
143
145
140
140
136
129
123
117
118
111
105
99
96
98
103
109
115
116
119
111
111
109
105
107
111
112
114
120
118
115
121
121
119
124
123
128
124
123
117
118
114
118
117
125
128
125
133
134
146
141
138
137
132
131
125
120
126
125
133
139
133
136
134
129
130
126
127
121
117
122
115
113
112
110
104
97
98
104
109
123
125
132
129
140
130
128
130
135
132
128
125
128
126
128
126
130
128
126
139
152
149
151
147
141
130
127
121
117
111
108
101
96
96
110
122
118
113
109
105
105
113
121
116
113
106
101
94
96
96
92
91
105
110
107
110
109
109
103
99
95
91
88
93
90
87
81
85
89
89
95
93
100
95
94
102
103
115
114
126
128
129
126
120
113
108
102
102
103
103
102
108
107
103
105
114
117
115
109
106
106
103
97
94
93
92
87
89
91
89
96
97
96
91
89
92
91
89
84
86
85
81
82
84
84
80
78
76
78
76
75
76
73
69
68
69
72
76
73
72
74
73
69
71
68
66
64
64
62
59
65
64
66
71
68
69
68
66
64
68
65
62
61
58
55
54
53
52
50
51
53
48
47
44
45
41
43
43
44
42
42
44
42
45
45
43
43
45
44
44
44
45
46
48
50
51
56
59
59
59
62
64
65
66
67
68
74
79
82
82
85
90
96
96
101
105
105
104
110
116
120
119
127
127
138
146
148
151
152
165
170
175
181
181
181
189
185
189
187
199
199
196
204
203
207
204
210
207
209
208
210
205
197
199
198
189
181
187
185
178
181
179
179
175
176
176
171
172
171
165
171
170
162
159
159
153
159
155
153
153
152
151
149
145
143
134
132
139
144
141
136
139
140
136
130
125
122
123
118
122
119
115
110
112
112
111
106
107
104
103
100
98
97
96
92
91
94
92
91
91
87
84
90
89
87
86
85
87
88
84
86
86
84
83
78
80
81
80
84
84
92
88
88
87
88
84
83
85
84
88
91
86
87
91
92
90
89
91
97
98
97
102
98
95
97
97
97
94
91
87
91
92
100
98
101
100
104
100
97
95
94
97
96
95
96
97
94
93
89
92
91
89
88
88
92
89
88
88
88
87
89
88
90
89
89
86
83
88
91
90
92
90
87
87
85
84
82
79
76
77
80
76
76
80
84
82
79
81
89
111
113
122
165
169
194
203
204
209
230
248
245
250
280
339
325
343
336
347
410
420
425
464
492
474
463
462
474
459
433
510
521
546
554
543
569
559
555
585
590
591
632
638
635
607
626
606
597
606
605
607
626
609
619
623
615
609
593
625
643
636
613
586
604
587
584
590
586
606
627
620
631
616
596
628
641
641
636
626
643
643
643
643
642
643
643
642
643
643
643
643
632
614
603
588
563
559
535
507
501
529
530
548
632
640
618
642
643
624
616
613
634
615
591
591
596
569
559
558
536
576
583
553
552
543
536
533
541
550
587
607
604
589
601
589
580
586
580
563
575
571
580
589
569
600
586
580
590
605
628
638
633
642
642
642
642
642
642
636
617
643
632
621
643
617
639
621
623
610
579
584
609
616
642
643
643
643
642
628
640
624
616
595
561
601
574
561
612
592
617
597
603
608
592
617
640
635
642
643
611
607
611
609
600
642
641
642
641
642
643
642
643
643
627
620
640
636
642
642
643
643
643
642
643
641
643
642
642
643
642
642
643
642
643
643
643
643
642
643
643
643
643
642
643
643
643
641
642
642
643
642
642
643
643
643
642
643
643
642
641
641
633
643
634
609
610
624
643
639
614
636
643
642
642
643
642
642
644
642
642
642
642
642
643
642
643
642
643
643
642
643
642
643
643
642
637
643
634
626
643
642
641
643
643
642
643
642
641
643
643
643
643
643
643
642
643
642
642
643
642
643
643
643
642
642
642
643
643
642
642
644
643
642
642
641
642
643
643
642
643
642
643
642
643
642
643
642
642
643
643
643
642
641
642
642
642
643
643
642
643
643
643
642
642
641
640
643
628
624
633
596
583
587
601
576
631
609
638
606
583
638
628
642
642
642
630
638
638
643
643
642
642
632
640
643
642
642
641
631
628
599
577
598
580
565
559
538
562
582
562
577
551
549
543
549
566
538
533
508
501
498
518
499
473
461
446
428
428
412
411
414
435
469
446
434
457
458
437
446
432
408
407
427
404
378
366
368
383
365
368
372
368
346
337
340
344
327
321
324
323
310
302
298
293
293
290
293
304
306
308
313
299
292
286
283
278
282
276
273
275
273
282
292
281
278
268
264
254
245
239
249
240
226
212
201
188
178
173
169
175
169
182
175
178
174
168
166
171
183
184
186
196
207
216
210
206
219
217
216
213
214
222
222
219
227
248
246
263
264
270
290
297
302
304
305
307
312
316
308
333
351
341
358
367
369
368
371
354
368
393
397
399
415
411
418
411
422
423
418
436
448
460
459
459
471
475
485
493
485
498
506
489
505
537
550
552
552
558
564
563
578
588
603
598
617
621
633
637
638
643
642
643
642
642
642
642
642
642
643
641
642
642
642
643
643
642
642
643
642
642
642
643
641
643
642
642
642
642
642
643
641
641
642
642
643
643
642
642
642
642
642
643
642
642
642
642
641
641
642
643
641
643
642
642
643
643
643
642
643
642
642
642
643
643
642
643
642
643
641
642
641
642
643
642
642
643
642
643
642
642
642
642
641
643
641
643
642
641
642
643
642
642
641
643
641
643
642
643
642
642
643
643
642
643
643
642
642
642
643
642
643
643
642
643
643
643
642
643
642
642
642
642
643
643
643
643
642
643
642
643
642
643
643
641
643
643
642
642
643
642
643
643
642
642
642
642
643
643
642
642
643
642
641
642
643
643
643
643
643
643
643
642
642
643
642
642
642
643
642
642
643
643
642
643
643
643
643
642
642
643
642
642
643
643
643
643
641
642
642
642
643
642
643
642
642
643
643
643
642
643
643
642
643
642
642
643
643
641
641
642
642
642
643
643
642
643
643
642
643
643
643
643
643
643
642
644
643
641
643
643
642
642
643
643
643
643
642
642
643
643
643
642
641
642
643
642
643
641
643
643
643
643
643
642
643
642
643
642
642
643
642
643
643
642
643
642
643
642
642
641
642
643
641
643
642
643
642
642
642
641
642
642
643
642
641
642
637
633
622
631
639
628
616
618
627
622
620
615
601
602
604
600
598
605
602
592
590
588
589
595
591
581
577
575
571
569
553
545
558
555
551
552
548
546
543
537
532
526
520
511
533
527
518
521
517
510
498
491
474
505
512
499
492
489
492
485
475
464
455
464
462
464
461
460
450
440
418
434
442
444
442
436
426
408
400
400
406
404
397
380
381
371
355
367
354
361
356
352
339
336
332
330
331
322
320
314
307
300
291
312
312
307
302
304
291
291
303
300
294
283
276
260
267
255
250
243
232
244
246
261
264
257
245
232
228
224
216
214
220
221
224
244
246
239
237
228
218
212
204
199
201
209
201
192
188
187
184
178
166
158
155
156
148
142
132
126
127
126
131
126
135
141
132
128
128
122
116
118
131
134
130
125
139
140
131
128
129
135
130
128
141
147
142
147
144
142
155
161
159
171
168
176
167
168
171
183
195
195
200
206
210
211
211
213
210
225
229
231
263
265
255
257
263
264
278
277
281
288
292
296
308
309
312
323
323
334
353
351
349
349
350
373
377
374
380
376
386
398
405
402
409
418
420
421
437
423
420
424
428
433
453
450
451
461
466
462
462
466
479
478
485
494
493
507
505
495
496
508
501
511
530
532
525
524
525
533
538
540
541
539
534
538
541
552
571
552
549
555
564
559
555
553
559
558
556
558
572
576
566
558
558
557
560
574
559
552
554
559
559
545
554
560
564
555
563
573
558
579
564
567
551
570
579
631
642
643
641
636
622
632
627
629
643
642
642
643
642
643
643
642
644
642
643
642
642
641
642
642
642
643
643
643
644
643
644
643
642
642
642
643
644
643
642
642
642
643
642
643
642
643
642
642
643
644
642
642
644
644
643
642
643
643
642
642
642
643
642
644
643
642
643
644
643
643
643
643
643
644
643
643
643
642
643
643
642
643
643
642
643
643
643
644
643
642
642
644
643
643
642
643
642
643
642
642
642
642
643
642
643
642
642
643
642
644
642
642
642
643
642
643
643
643
642
643
642
643
642
643
642
643
643
643
643
642
642
642
642
643
643
643
642
644
643
643
643
642
643
642
642
643
642
643
644
642
641
643
643
642
643
642
643
642
643
643
642
642
643
643
643
643
643
643
643
643
642
643
642
643
643
642
643
642
642
642
643
642
642
643
643
643
643
644
642
642
643
643
643
642
643
642
642
642
642
643
642
642
643
643
642
642
642
643
642
643
643
643
642
643
642
643
644
643
643
644
643
643
643
643
642
643
643
643
643
643
643
644
643
643
643
642
639
630
620
604
595
583
579
559
543
533
526
504
485
469
462
439
427
413
404
388
372
362
345
331
329
321
306
297
292
281
279
278
262
253
244
241
237
231
224
209
205
197
192
182
171
170
165
164
155
148
143
146
138
142
141
134
133
130
132
134
125
121
115
123
124
117
119
115
109
103
100
97
98
97
92
89
89
84
82
79
86
89
86
87
83
79
79
77
75
77
77
74
72
69
67
71
74
73
73
73
71
71
72
73
79
82
79
78
78
75
74
78
75
75
74
75
73
71
69
74
76
83
89
92
89
89
90
90
92
91
95
97
101
99
107
103
107
106
108
106
115
111
122
125
126
124
122
136
139
137
128
137
145
145
148
148
147
149
150
152
155
152
152
158
163
161
166
166
161
173
174
170
182
179
180
183
179
179
183
187
181
184
190
191
186
191
198
196
191
193
198
194
191
203
203
210
212
212
213
217
215
215
215
215
220
220
224
228
226
220
219
233
234
231
233
238
242
240
239
238
234
240
246
240
248
248
242
246
247
250
252
254
251
247
255
256
256
254
252
249
249
246
246
252
254
253
250
241
249
251
252
252
251
248
242
244
251
251
247
247
249
247
241
239
243
242
242
237
236
238
238
237
233
236
239
237
235
235
238
233
230
233
233
229
229
230
232
232
232
226
227
231
228
218
230
229
229
230
232
231
229
224
229
231
227
226
221
222
221
218
213
212
215
215
218
215
214
208
203
206
211
214
211
211
209
207
201
203
205
199
189
189
189
189
193
192
188
186
184
178
170
176
172
169
163
162
161
157
151
143
137
142
149
158
164
163
158
162
166
163
157
149
141
132
126
125
122
122
122
116
119
124
128
121
117
113
105
105
105
100
95
92
86
83
81
76
78
85
91
88
88
82
85
88
91
93
92
95
101
100
99
97
93
92
93
96
104
99
99
99
99
96
102
102
99
98
104
113
117
110
114
118
115
109
106
104
107
108
111
106
100
97
101
105
116
121
131
138
137
133
131
128
121
117
114
120
117
130
136
132
141
154
146
137
133
131
125
118
111
110
107
101
104
102
106
103
96
95
102
105
115
113
111
113
112
108
103
104
111
111
103
100
98
94
95
96
97
95
91
91
90
100
109
118
118
114
109
113
115
109
112
106
101
97
101
117
128
137
150
158
156
165
164
165
160
170
182
199
211
218
227
264
285
283
362
360
361
347
383
416
423
446
441
487
523
560
614
642
643
641
618
629
642
643
642
643
642
642
643
643
643
643
642
643
643
642
642
641
643
642
644
642
643
642
644
642
642
643
642
643
643
643
643
642
643
643
643
643
643
643
642
643
642
642
643
641
642
642
643
642
643
643
638
632
618
628
643
643
644
643
642
643
643
643
642
617
629
619
641
642
642
643
641
642
643
643
642
643
642
642
642
641
643
643
642
643
641
643
642
643
641
643
642
643
643
643
643
643
642
643
642
642
638
607
643
642
634
636
643
641
626
641
624
609
619
614
580
563
547
556
591
593
602
595
569
578
564
540
539
537
534
546
553
564
545
522
525
538
537
548
538
522
512
502
493
488
477
456
487
496
509
506
515
512
499
493
490
496
494
481
502
535
563
583
567
545
580
595
574
559
525
561
608
583
559
544
541
542
533
508
509
551
546
562
563
553
549
540
508
496
493
464
470
465
470
452
432
462
459
485
490
479
470
454
432
428
413
414
406
391
378
378
414
457
465
462
489
463
452
428
430
406
420
429
423
416
404
463
512
541
520
504
495
472
461
444
466
445
420
404
401
444
450
483
488
458
437
452
468
474
488
473
486
504
494
498
484
469
515
509
508
487
466
442
435
450
435
413
393
379
369
369
362
347
327
324
317
317
315
312
301
304
297
294
293
297
292
301
292
283
276
282
277
276
273
275
282
286
274
269
256
255
252
248
244
244
247
240
228
228
227
213
213
213
208
211
205
223
212
204
200
209
215
206
195
189
179
173
167
170
176
173
166
174
172
187
180
176
183
173
171
170
171
164
157
154
161
155
152
159
148
143
154
154
148
147
146
145
142
133
126
119
116
111
106
101
103
102
116
134
140
148
146
145
153
153
150
146
141
146
155
167
187
192
205
215
226
245
268
264
299
339
348
376
402
429
462
496
511
538
557
592
618
636
642
643
642
642
642
641
643
642
643
643
642
643
642
641
643
643
643
643
642
643
643
642
642
643
641
643
642
641
643
642
643
642
643
643
642
643
643
642
641
643
643
642
643
643
643
643
643
642
643
641
643
643
642
642
643
643
642
643
642
641
642
642
641
643
643
642
643
643
643
643
643
642
641
642
643
643
642
643
641
643
643
642
642
643
642
643
642
642
643
643
643
642
642
643
642
642
642
643
642
641
643
643
642
643
643
642
642
643
643
642
643
641
642
642
642
643
642
643
641
642
642
642
643
643
642
643
643
642
642
643
642
642
643
642
643
643
641
642
643
642
642
643
642
642
643
643
642
643
642
641
643
643
643
642
643
642
643
643
641
643
643
642
643
643
642
642
642
642
642
642
642
642
641
642
642
642
642
643
641
643
642
643
643
642
643
643
643
643
642
642
643
643
642
643
641
643
643
642
642
643
642
642
642
643
642
643
642
642
643
643
641
643
642
642
643
642
643
641
642
642
642
643
642
642
642
642
642
643
643
642
641
635
631
604
618
614
612
596
607
609
617
609
603
597
596
590
582
580
578
573
569
552
570
578
559
565
552
554
559
561
560
553
546
548
548
548
523
550
548
549
546
541
534
522
527
530
518
520
504
518
528
527
523
515
505
508
520
520
517
514
517
510
514
505
511
500
511
497
507
498
498
496
495
492
495
483
484
489
490
490
487
484
485
489
484
491
480
484
477
473
480
473
472
482
480
478
473
467
465
458
459
452
450
442
446
445
439
432
424
413
408
410
409
404
397
388
374
379
380
381
377
365
353
358
352
347
328
339
351
347
339
337
334
321
323
311
314
306
306
303
297
282
279
284
271
282
272
271
263
269
260
256
250
245
242
233
236
229
221
212
216
213
215
214
213
210
213
212
208
213
218
232
247
264
254
254
259
282
325
363
376
379
364
383
396
399
416
409
400
405
386
386
369
390
392
441
459
465
476
509
500
531
575
634
615
614
609
642
642
643
643
642
642
643
643
643
642
634
643
643
643
642
643
643
643
642
641
642
642
644
642
642
643
643
643
643
643
642
643
642
644
643
643
642
643
641
644
643
642
644
643
642
642
643
643
644
642
643
643
642
643
643
643
643
642
643
643
642
644
642
642
642
643
642
643
642
642
642
642
642
642
643
643
643
643
643
643
642
643
643
643
642
642
643
643
642
643
643
642
642
642
642
643
642
642
643
642
643
641
642
642
642
642
643
643
642
643
643
642
643
643
642
643
643
643
643
642
642
642
643
643
642
643
643
642
642
642
643
642
643
643
641
642
642
642
642
644
644
643
641
642
643
643
644
643
643
643
642
643
643
643
642
641
641
642
642
643
642
642
643
643
642
644
643
642
642
642
642
643
643
642
643
643
641
643
642
642
643
643
642
642
642
643
643
641
641
642
643
643
643
642
643
643
642
643
643
643
643
641
642
642
643
643
642
642
643
642
643
642
643
643
642
643
642
643
642
642
642
643
643
626
641
633
642
642
642
641
642
643
642
607
592
587
605
610
637
614
580
580
582
642
642
628
642
642
643
643
642
643
642
642
642
641
642
642
629
622
596
586
575
567
557
537
540
520
504
497
487
471
484
476
473
463
455
443
445
435
437
433
436
427
435
425
417
424
418
447
437
424
423
423
417
407
406
402
406
400
405
402
401
389
398
400
393
381
373
373
397
378
359
360
358
354
360
357
346
349
342
337
327
327
319
315
318
311
325
330
339
327
330
320
309
304
303
303
299
290
308
317
298
290
287
284
275
274
263
266
258
251
238
227
217
203
205
194
189
178
172
174
162
164
162
154
149
154
153
155
157
160
152
143
132
128
122
119
114
121
120
112
108
107
105
106
111
114
111
105
101
106
101
95
91
102
104
99
97
94
93
89
83
79
77
73
70
67
66
65
70
76
79
78
75
72
68
63
62
60
58
57
53
51
49
47
45
44
44
42
42
44
44
43
53
57
55
56
63
60
58
56
57
56
56
62
60
56
55
52
50
50
54
55
52
50
48
44
45
40
41
40
41
41
43
45
43
42
41
40
40
38
35
37
39
43
44
46
45
44
41
38
38
38
35
35
35
33
34
35
36
35
35
32
32
32
30
29
30
33
33
31
33
31
35
35
37
35
34
32
30
31
31
32
32
32
32
32
30
30
31
30
30
33
34
36
35
36
38
39
41
44
44
44
42
43
42
43
43
42
41
41
45
47
48
49
51
53
53
58
58
59
61
62
64
62
65
64
67
69
72
69
68
72
71
72
77
81
83
85
85
84
84
86
92
94
96
97
98
100
98
100
103
102
103
109
109
109
110
107
113
112
108
115
116
118
119
121
119
117
115
117
116
117
119
120
121
117
116
113
113
110
109
104
107
103
101
101
105
107
113
112
108
107
109
111
112
115
109
108
107
105
106
110
113
116
116
115
116
118
128
125
132
126
130
135
141
160
163
162
161
157
162
169
167
171
173
170
177
173
179
181
189
196
194
192
185
183
182
191
206
210
209
210
207
200
206
215
211
215
222
215
218
210
218
241
241
238
234
229
223
218
216
208
211
222
242
241
239
236
228
224
214
215
212
210
202
202
211
212
208
199
208
207
201
198
200
203
201
206
206
204
204
198
195
198
198
197
196
195
192
199
199
201
199
196
187
193
195
193
191
193
193
188
195
191
199
200
205
210
208
209
205
195
207
207
208
209
209
201
202
196
202
206
208
202
203
211
212
227
229
225
225
225
227
220
226
224
223
218
215
221
217
228
227
231
233
228
225
239
244
242
243
245
250
241
249
249
239
239
240
235
246
249
243
242
235
249
239
249
249
250
248
242
244
247
248
247
243
237
251
251
247
250
249
249
249
251
252
254
254
254
250
251
245
245
247
251
252
248
245
241
245
245
247
247
243
243
240
241
241
238
231
230
231
231
226
223
219
222
220
211
215
215
212
209
207
201
199
193
191
188
182
177
173
165
157
152
143
139
134
128
124
117
110
110
108
102
99
99
94
90
86
83
81
77
72
68
67
66
64
64
64
66
70
66
65
69
76
80
76
76
74
72
69
68
64
63
71
68
68
71
70
72
70
70
68
68
67
71
77
77
83
89
87
89
100
119
123
131
154
176
190
209
216
231
240
245
261
288
303
317
330
329
333
340
345
341
339
331
345
354
363
360
365
376
377
376
378
374
369
366
363
364
362
352
339
338
342
325
333
339
338
338
337
330
317
315
320
324
322
313
309
298
288
287
282
281
277
277
276
271
256
245
250
253
253
241
243
252
254
252
251
258
264
268
271
265
284
283
306
296
302
307
323
316
345
362
361
365
360
370
380
380
384
390
387
397
406
398
397
420
426
450
436
462
466
461
488
493
507
522
537
544
553
552
563
578
585
592
597
600
602
618
600
627
642
642
641
642
642
642
641
642
643
642
642
642
642
641
641
643
642
643
642
642
642
643
643
643
642
642
642
643
641
642
641
642
643
642
642
642
642
643
642
643
642
643
643
642
643
642
642
643
642
642
641
642
642
642
643
642
642
643
643
641
643
643
642
642
642
643
642
642
642
643
643
642
641
642
642
642
643
642
641
643
643
643
643
643
642
643
643
642
641
641
641
643
643
642
644
642
643
641
641
642
642
642
641
642
642
642
642
642
643
643
642
643
643
642
643
643
643
643
642
643
642
643
643
642
643
643
642
642
642
643
643
643
643
642
643
643
642
642
642
642
641
642
642
642
643
643
642
641
643
642
642
643
643
641
644
642
642
643
642
642
644
643
643
643
643
641
641
643
643
643
643
643
642
642
642
642
642
643
642
643
643
643
643
644
641
642
642
641
643
643
643
642
642
642
642
641
642
643
641
643
641
643
643
643
643
643
643
643
642
642
643
641
643
641
636
643
642
642
643
633
625
607
622
624
615
634
642
617
628
603
583
588
592
580
574
566
571
582
546
528
535
521
525
568
608
579
558
552
566
591
592
617
597
580
606
595
607
634
607
618
614
629
603
605
605
638
616
603
588
586
622
628
607
579
587
606
604
611
603
581
619
641
642
608
606
615
604
593
626
608
604
587
578
543
515
523
504
506
508
513
529
528
506
519
521
524
573
557
579
547
534
510
515
503
499
512
535
512
497
479
467
462
482
468
460
448
450
433
421
430
443
434
422
418
400
397
383
372
385
379
372
366
363
354
352
345
338
334
327
319
311
305
299
290
296
301
290
297
284
280
281
267
275
280
286
274
265
265
256
254
253
243
231
235
249
241
232
226
237
229
222
219
219
225
223
219
208
200
196
186
203
194
199
194
192
189
186
202
200
195
199
199
201
193
195
195
191
186
176
170
167
160
159
149
152
170
173
164
164
171
168
175
167
172
167
158
160
151
157
163
172
174
171
175
172
162
158
156
157
155
145
149
143
144
152
146
144
135
134
131
127
130
137
133
128
134
135
129
122
118
121
124
123
117
109
103
99
98
105
114
113
107
107
99
96
93
94
100
109
112
104
100
94
92
88
86
83
85
91
105
116
112
111
105
101
93
90
95
92
88
88
87
94
94
90
90
92
105
102
100
97
99
94
96
101
101
116
116
118
123
127
130
134
137
144
149
149
161
169
167
180
193
209
202
219
236
239
243
259
268
275
289
297
306
317
324
332
344
352
364
377
402
392
396
406
410
421
441
446
443
454
459
457
465
471
479
490
495
505
513
509
510
519
519
530
530
531
532
529
540
541
550
550
557
556
556
577
570
565
570
565
561
567
574
578
570
571
572
574
574
580
588
576
578
580
584
572
571
576
575
572
579
574
573
574
581
568
567
561
568
564
555
551
551
548
555
554
547
545
550
552
544
541
534
535
530
524
525
528
521
517
515
514
513
515
511
511
511
503
507
504
505
505
506
498
501
498
488
494
495
484
481
479
477
477
478
480
477
476
480
476
475
471
465
467
471
461
457
456
452
450
449
454
457
452
453
451
448
446
446
444
446
453
458
447
440
441
437
436
438
434
434
430
431
440
437
427
421
417
415
415
416
417
414
414
418
411
412
412
405
403
400
403
405
400
395
395
392
393
390
389
388
389
388
385
381
385
400
393
390
381
374
373
374
372
369
367
364
363
364
364
360
365
361
358
363
359
352
353
353
346
349
346
341
340
339
336
336
337
335
333
338
342
333
322
316
322
324
317
313
313
310
313
312
306
306
306
310
322
314
299
298
300
302
297
294
291
290
289
292
290
289
290
293
291
285
301
307
301
286
286
290
293
280
278
278
293
280
271
271
277
279
274
285
282
277
274
276
272
272
277
272
275
276
277
279
282
286
281
270
268
257
256
264
260
261
256
266
265
261
260
261
258
262
250
268
267
256
258
250
243
243
238
231
232
235
224
221
217
213
209
210
208
204
203
196
196
188
190
193
189
179
176
176
170
167
170
162
151
146
146
147
139
141
133
128
127
127
121
114
109
104
99
96
92
89
88
85
82
90
88
87
87
85
81
79
76
72
77
76
80
82
81
79
77
79
83
79
76
75
76
82
79
82
79
91
108
112
119
171
256
320
327
329
361
387
377
389
395
386
374
373
417
410
427
451
463
494
468
456
455
455
460
576
565
570
585
611
605
627
602
599
601
600
600
642
642
643
643
643
643
642
643
643
642
641
640
642
640
639
639
638
638
637
637
636
635
634
634
633
633
632
632
631
643
642
643
641
643
643
643
642
642
643
641
643
643
642
643
643
642
642
643
642
642
642
642
643
642
643
643
642
642
643
643
642
642
643
643
643
643
643
643
642
643
642
643
643
642
642
643
642
642
642
642
643
643
644
643
642
642
641
642
642
643
643
643
643
644
642
643
643
643
643
643
642
642
643
643
642
641
643
643
642
642
643
642
643
642
641
643
643
643
640
639
603
630
624
643
642
642
634
643
642
643
642
644
643
643
633
633
639
643
622
605
643
626
598
597
577
566
569
563
552
527
508
538
535
530
541
531
540
548
557
535
530
559
540
516
514
522
515
526
501
489
493
504
510
501
488
482
496
488
476
462
443
491
534
544
538
530
519
519
512
491
478
461
458
463
448
434
412
435
455
462
455
450
445
488
473
458
441
421
412
401
423
421
414
390
376
363
355
374
386
381
366
351
350
347
342
328
327
314
305
293
291
287
286
282
275
270
270
261
261
265
257
261
256
241
235
231
230
232
237
235
241
239
238
240
239
238
249
244
238
235
234
224
213
205
199
195
191
187
186
180
190
178
168
161
153
142
133
129
123
114
115
115
109
101
98
94
90
86
82
81
79
77
75
71
69
69
66
66
65
64
61
61
62
61
59
58
57
57
57
56
54
55
53
52
50
50
49
49
48
50
50
50
49
54
55
54
51
51
50
50
53
52
53
50
53
55
52
50
48
47
46
47
54
57
57
56
58
61
59
57
56
60
59
60
56
55
54
51
50
49
49
47
49
48
48
47
50
54
53
56
56
57
61
66
74
73
72
67
68
70
70
69
66
66
67
67
68
65
66
66
66
64
64
71
75
76
76
77
84
85
82
85
86
92
96
97
100
105
111
119
116
113
123
133
134
141
143
145
151
148
152
157
147
158
169
179
185
184
175
183
186
189
197
199
203
201
205
207
205
194
205
212
211
212
205
211
210
207
196
198
204
201
194
198
193
189
187
175
185
186
178
184
177
175
175
178
178
180
175
166
175
184
191
194
182
200
210
215
216
214
209
216
221
222
233
236
237
241
229
240
247
257
253
261
262
266
275
268
283
292
299
306
311
308
313
313
319
317
328
338
346
354
351
361
358
366
365
367
382
381
398
403
401
409
417
408
418
434
437
441
452
456
464
467
478
489
490
495
506
527
546
539
574
583
604
614
624
636
641
642
642
642
641
643
643
642
643
643
641
642
643
642
642
643
643
643
643
642
643
642
642
641
642
641
642
642
642
641
643
641
641
643
643
642
642
643
643
643
641
643
643
643
643
642
642
642
643
642
642
641
643
642
642
642
642
643
642
642
641
641
641
643
627
633
635
626
628
622
614
621
622
629
633
628
613
620
626
620
612
625
626
631
626
625
632
628
633
637
642
642
641
642
642
642
642
641
642
641
643
643
642
643
642
642
642
642
643
643
642
642
643
643
642
643
643
641
643
642
642
643
643
642
643
643
642
642
642
642
642
643
643
642
642
643
641
643
641
642
643
642
643
643
643
642
642
641
641
641
641
642
641
642
642
643
643
642
642
642
642
642
643
642
642
642
642
642
642
644
641
642
643
641
643
643
642
642
642
643
642
643
643
642
641
643
641
643
643
643
642
642
643
641
641
642
642
643
642
642
641
643
641
640
631
633
640
641
627
614
618
615
603
593
595
594
587
581
578
574
554
549
555
553
546
543
519
530
519
518
512
495
475
482
482
485
474
479
458
471
472
467
462
453
442
448
433
434
437
437
430
417
411
393
397
402
387
382
388
381
386
368
378
379
372
362
367
365
366
357
351
349
335
332
337
327
340
335
328
324
323
327
313
315
316
344
335
354
360
367
371
371
386
391
390
405
414
395
391
387
388
412
485
505
522
518
547
556
571
612
642
643
642
642
642
642
643
643
641
642
642
643
642
643
642
643
634
624
626
643
641
642
643
643
642
643
643
642
643
642
643
643
643
643
642
643
643
642
643
642
643
643
642
643
643
643
644
643
643
643
643
642
642
643
642
642
643
643
643
643
643
634
621
643
641
643
624
643
642
642
643
642
643
642
624
604
605
594
582
600
633
615
630
643
631
627
643
616
638
624
588
580
578
591
599
581
631
642
625
596
598
578
547
538
538
525
527
570
551
554
534
513
504
542
532
512
499
512
492
468
464
471
506
495
503
511
512
519
536
539
539
585
606
575
546
528
533
522
494
566
588
590
578
587
569
563
546
540
564
576
557
552
532
533
540
555
522
498
491
477
508
497
508
521
507
494
483
473
453
448
439
440
465
447
439
420
454
479
461
453
484
502
481
455
430
430
436
450
454
445
425
401
379
358
344
343
328
312
296
280
267
261
254
255
243
228
220
219
214
212
213
222
221
219
212
211
206
211
213
221
211
217
212
214
220
212
215
222
216
213
212
210
207
205
237
233
222
212
207
198
197
204
208
202
202
197
187
177
184
177
176
183
175
167
167
161
161
157
155
153
152
143
155
163
160
156
157
149
152
156
153
154
146
144
137
130
124
121
127
121
116
114
125
136
132
125
140
144
140
134
128
121
115
113
115
109
105
103
100
105
105
105
111
111
105
109
112
115
115
121
123
118
111
119
124
119
117
110
106
105
107
107
102
103
100
100
113
113
109
104
105
102
99
96
97
96
98
100
95
94
90
96
93
92
88
86
81
87
87
94
91
93
91
89
86
86
84
89
89
87
87
88
85
99
105
107
105
102
96
98
95
94
91
88
94
91
90
89
95
94
110
113
111
105
108
107
108
115
113
116
121
124
126
133
143
147
146
149
156
173
169
178
177
177
189
191
205
205
206
210
204
207
209
217
219
220
231
240
231
232
236
237
241
246
243
245
245
250
248
247
250
244
253
253
256
252
254
266
256
250
251
252
251
248
253
250
254
253
250
253
259
265
265
268
281
267
265
272
274
272
269
274
272
274
276
276
285
282
281
289
290
292
295
290
292
299
301
293
288
289
290
296
289
287
288
288
286
288
288
285
285
284
285
286
287
287
285
286
286
289
288
286
285
280
277
279
279
282
279
278
280
277
280
281
285
286
292
285
285
283
287
287
287
290
286
285
286
283
284
285
285
288
287
293
291
293
297
293
299
299
298
297
296
293
296
295
297
299
300
300
298
303
305
305
302
303
305
301
301
299
300
298
297
298
296
299
298
295
291
290
290
291
290
285
284
282
288
283
279
285
281
279
276
273
271
270
268
264
262
262
261
257
253
252
255
250
248
247
244
240
238
238
232
231
230
229
225
222
219
220
219
213
212
210
209
209
205
206
206
203
203
203
200
198
194
195
193
190
188
191
188
182
182
182
179
177
176
173
173
178
172
167
168
163
162
162
161
160
154
155
152
152
156
160
155
151
157
152
151
147
148
146
147
149
148
147
148
151
151
151
149
153
150
150
151
148
148
151
148
147
147
146
144
150
145
144
144
142
143
145
140
139
139
138
135
134
133
131
129
129
129
125
130
130
127
129
132
134
132
134
135
136
136
137
139
139
140
141
141
146
148
154
155
154
156
162
160
163
170
177
182
175
175
177
171
170
174
174
172
173
177
172
177
183
180
188
200
203
250
258
256
257
248
257
245
255
260
281
299
287
304
320
365
368
396
395
396
399
402
397
407
450
483
490
494
489
603
606
634
644
642
642
642
641
642
643
642
642
642
642
643
642
642
643
642
643
642
642
643
642
643
643
643
643
644
642
643
643
643
643
643
642
643
643
642
643
643
642
643
642
642
643
643
643
643
643
643
642
642
643
641
643
643
642
643
643
642
643
642
643
643
642
643
642
643
642
643
642
625
628
634
635
623
631
643
642
629
619
639
640
642
638
637
642
642
643
643
642
644
632
626
609
624
600
630
613
599
576
570
627
642
643
629
643
641
631
627
602
597
590
600
579
567
585
568
557
536
544
560
586
567
627
619
601
611
590
569
556
554
537
569
577
569
575
552
589
601
623
612
595
599
584
586
572
553
539
599
591
582
575
567
601
593
577
550
557
582
622
592
582
561
563
543
563
602
578
607
584
572
540
560
561
544
532
516
514
525
518
540
531
517
501
519
523
526
510
501
478
482
475
492
497
508
476
458
461
494
519
511
494
469
459
466
470
460
451
438
420
408
392
382
371
365
360
357
336
330
344
334
323
308
309
321
314
314
303
303
295
292
291
288
288
286
282
279
295
299
297
285
284
280
295
289
281
274
267
259
260
248
244
242
231
233
229
232
227
218
215
210
198
187
198
222
215
203
195
199
194
186
182
182
174
165
163
159
152
150
164
157
150
142
144
141
145
145
139
138
141
133
126
120
125
120
123
132
123
119
114
115
130
127
131
147
141
137
134
128
121
139
140
137
128
128
127
117
116
111
111
110
107
103
98
93
89
86
83
79
77
74
72
69
70
73
76
78
78
79
78
78
79
77
77
80
82
82
81
81
79
85
84
81
80
77
79
78
73
70
66
68
64
63
61
58
57
58
57
56
60
67
65
62
65
70
71
69
66
64
61
58
58
56
53
51
56
58
57
61
58
60
60
59
58
58
55
60
63
70
68
69
70
72
68
66
66
72
71
73
71
71
69
67
66
65
63
60
58
57
62
59
59
57
54
53
53
50
52
50
48
49
45
48
48
50
50
51
51
49
48
48
51
49
52
56
58
57
55
60
60
62
63
64
64
64
64
60
66
70
69
68
67
71
75
75
77
75
75
76
77
76
83
86
92
93
100
108
113
114
113
116
130
131
132
143
145
146
160
169
181
187
197
193
204
215
215
209
231
233
246
242
249
253
283
293
298
299
300
309
300
304
325
326
329
339
335
346
344
347
356
347
339
344
342
345
326
350
347
343
340
340
349
355
347
353
361
348
348
331
335
329
331
339
334
333
344
343
352
352
337
341
342
340
330
320
326
322
317
309
315
303
303
306
303
305
299
297
292
283
300
296
289
283
277
279
266
271
274
270
259
252
247
250
241
245
252
246
241
236
243
242
240
239
239
240
238
237
236
224
223
223
227
222
226
228
226
220
216
211
207
201
193
195
198
190
190
186
190
186
179
184
184
181
179
188
189
186
184
181
183
187
186
185
182
184
185
189
187
183
187
183
184
181
179
179
181
176
171
174
176
174
174
171
166
171
170
168
166
167
166
162
161
159
153
149
148
150
149
146
139
133
136
133
133
130
127
125
118
116
113
109
105
101
95
92
88
83
81
77
74
71
68
65
62
60
57
55
54
57
55
51
56
65
63
59
58
58
55
56
58
58
59
58
55
54
52
51
53
51
51
56
58
63
74
84
96
110
123
139
158
173
188
202
221
230
257
279
306
330
351
364
387
408
426
437
453
461
472
481
494
504
513
520
525
520
521
532
535
540
542
540
543
548
550
550
544
542
539
528
530
526
523
520
517
515
512
510
502
513
515
517
513
501
501
508
511
521
524
522
521
524
522
521
517
514
513
506
502
501
504
500
492
498
496
491
496
496
483
506
509
513
516
522
524
524
522
522
533
534
534
537
541
541
549
546
548
573
587
599
609
619
633
638
642
642
642
642
643
643
642
643
642
643
643
642
643
642
642
642
643
643
643
643
643
642
643
643
643
643
642
643
642
643
643
642
643
641
642
643
643
643
642
643
642
643
644
642
643
642
643
642
642
643
641
641
642
642
643
634
633
623
606
608
597
573
584
588
561
556
552
547
5