11
10
11
10
11
13
12
13
12
12
11
12
12
11
10
13
14
11
11
11
11
10
11
10
10
11
12
11
11
12
12
11
10
12
11
12
11
12
11
10
13
11
11
11
11
10
11
10
12
10
11
11
11
11
10
10
11
11
11
11
11
11
10
10
10
13
12
11
11
12
11
12
12
13
13
12
13
12
11
12
13
11
11
12
13
10
11
11
11
12
10
12
11
11
11
11
10
11
11
12
10
10
12
10
11
10
11
11
10
11
10
10
11
11
11
10
11
10
11
12
12
12
10
10
10
11
10
10
10
10
11
12
12
12
13
12
13
12
14
12
13
14
13
12
12
12
12
14
15
15
15
13
15
15
15
15
15
15
13
13
14
13
13
13
14
13
14
12
14
14
13
12
12
13
11
11
14
12
12
12
12
13
12
14
15
14
14
14
13
14
13
14
12
12
13
14
13
14
13
13
14
13
13
14
13
13
14
13
12
14
12
14
13
12
12
12
12
13
13
12
13
13
12
12
13
13
14
13
12
13
12
12
13
12
14
13
12
14
12
12
14
15
13
16
15
15
15
14
13
13
12
14
13
13
14
15
16
17
15
17
16
17
16
15
16
16
16
16
17
17
17
16
22
20
20
19
20
25
25
23
23
21
21
20
20
21
20
19
18
20
18
17
19
17
16
19
17
18
17
18
18
18
18
18
20
18
19
20
19
20
19
18
19
20
18
17
19
17
19
20
19
21
20
19
18
17
17
19
17
19
20
19
19
19
19
19
19
17
19
18
18
19
18
17
19
18
15
16
16
16
17
17
16
16
16
17
20
19
20
21
19
19
20
19
19
19
17
17
17
16
18
16
18
17
19
19
22
19
19
19
20
20
18
18
17
17
16
17
17
20
19
18
19
19
23
26
27
25
25
25
24
23
21
23
23
23
23
24
25
26
26
25
25
25
24
30
30
29
29
30
29
29
31
33
34
34
34
36
35
34
36
36
34
36
35
37
38
39
38
38
39
37
40
39
36
36
38
38
39
39
40
43
42
43
41
42
44
44
45
43
41
41
41
42
41
42
47
45
43
44
45
46
47
46
44
41
42
41
43
42
43
42
42
43
42
46
49
48
46
52
51
52
52
52
52
50
50
49
49
47
46
48
48
47
48
47
49
47
48
47
45
44
45
47
49
49
50
50
48
46
44
44
42
40
44
45
44
46
45
43
50
50
46
46
44
45
46
45
44
43
43
42
48
46
47
44
44
44
43
44
42
41
40
40
40
41
40
41
40
40
40
40
40
37
38
37
36
37
38
36
34
34
33
31
34
34
35
32
31
32
31
29
31
31
30
29
27
26
25
26
25
26
25
26
24
24
23
24
22
23
22
21
21
21
20
20
20
22
21
21
19
19
18
18
18
18
19
22
20
21
21
21
22
22
23
22
21
21
20
21
20
20
18
18
19
19
20
21
22
23
24
24
23
23
21
22
25
26
26
27
26
24
25
24
23
23
21
21
21
19
19
19
17
16
16
18
17
18
16
18
18
17
17
19
17
16
18
20
19
21
20
21
19
20
19
18
18
20
19
18
18
19
17
18
18
18
16
16
16
17
16
16
14
14
14
14
13
13
12
14
14
15
14
15
13
13
12
12
15
14
12
12
12
12
12
12
12
13
12
12
13
12
12
12
12
12
13
14
14
12
14
15
15
18
17
17
15
16
18
17
16
17
29
19
21
23
66
109
107
104
101
160
219
231
243
253
257
260
255
242
227
217
217
219
231
243
263
291
325
359
392
423
449
472
495
513
533
550
566
582
595
603
641
627
593
573
556
538
520
499
478
454
427
397
373
354
340
331
323
317
310
305
301
297
297
293
291
290
284
279
271
265
257
251
239
233
226
216
209
202
197
190
180
174
165
157
148
143
137
133
128
122
113
112
109
106
101
102
103
101
97
95
90
86
80
77
74
71
71
66
66
67
67
66
67
69
73
75
75
82
87
93
97
100
105
110
117
124
133
138
142
151
155
159
165
167
168
169
175
176
177
181
187
189
191
195
195
193
191
185
178
167
161
151
141
132
126
119
115
111
108
109
112
114
112
111
115
116
115
118
122
121
120
123
126
126
127
126
126
124
125
127
128
115
110
107
112
115
121
130
133
135
133
139
248
437
653
678
640
642
642
642
642
642
641
643
642
642
642
641
643
642
642
642
642
643
642
643
642
642
638
631
622
614
595
567
565
561
554
543
525
522
510
509
507
488
471
478
476
462
459
454
435
429
432
425
417
406
392
385
380
376
367
367
355
354
350
353
343
344
338
334
321
321
318
303
304
291
291
297
298
297
287
286
270
267
270
266
265
257
254
250
244
240
234
233
230
240
240
232
223
219
222
213
212
207
212
210
207
203
205
200
197
197
189
192
186
184
177
171
176
173
167
168
173
168
159
166
163
157
161
159
153
159
152
152
151
150
144
150
151
148
147
149
148
139
142
141
146
143
136
129
135
130
133
133
131
128
127
127
130
124
119
117
121
127
121
120
124
128
135
139
136
137
131
127
122
123
130
131
131
135
143
143
136
140
141
135
138
141
142
136
130
132
127
126
124
118
118
114
118
117
115
123
129
129
124
127
125
121
125
121
119
115
114
110
108
106
105
106
106
105
104
107
103
104
114
119
125
141
139
131
125
129
124
118
118
114
112
116
119
118
111
113
111
110
104
109
111
109
104
103
99
99
99
103
103
97
95
104
106
103
101
99
99
97
99
97
99
106
104
101
96
98
101
99
93
99
101
101
106
107
103
98
96
96
94
87
87
86
84
91
93
98
99
98
98
94
96
91
90
92
89
88
87
86
84
80
78
78
78
77
76
78
83
85
86
87
83
88
90
89
91
93
89
87
84
84
84
86
83
84
87
89
87
95
93
90
88
85
85
84
84
85
84
85
90
90
89
93
98
99
98
98
96
95
95
92
96
95
95
93
95
96
95
97
100
103
106
101
97
92
94
95
92
91
90
91
89
85
82
87
88
89
86
85
82
81
92
89
87
90
90
89
85
86
87
86
88
87
88
89
91
94
94
96
100
101
100
95
94
102
99
100
93
94
93
92
91
91
89
93
100
100
106
109
109
109
110
108
106
103
99
97
95
97
103
98
97
99
96
93
95
93
93
95
96
100
104
100
94
92
94
95
103
109
113
113
111
120
117
114
114
110
106
110
107
103
103
106
106
106
310
643
643
642
642
641
642
642
641
642
642
643
643
642
642
642
643
642
643
642
642
642
642
642
641
623
594
613
632
618
613
257
342
628
635
640
642
638
642
642
642
642
641
641
643
642
641
630
620
606
591
577
560
547
539
518
510
493
484
475
460
447
435
426
422
411
398
387
375
365
354
347
341
331
323
313
305
298
289
282
276
269
261
254
249
243
235
231
222
215
208
202
195
188
181
175
170
167
163
156
153
146
142
139
134
131
126
123
119
116
114
110
108
103
99
96
94
89
87
84
83
80
79
76
73
73
71
68
66
63
62
61
60
59
58
54
52
52
50
47
46
45
44
41
40
39
38
37
35
34
34
33
31
31
29
28
28
27
28
25
26
24
25
23
23
23
22
21
20
20
19
19
18
19
18
18
18
17
15
16
15
14
15
15
14
13
14
15
14
14
15
14
14
12
13
12
12
14
12
13
11
11
12
11
10
11
11
12
10
12
11
10
11
10
11
10
10
9
9
11
11
10
12
11
11
11
11
11
10
10
11
10
10
11
11
10
10
11
11
11
10
9
11
10
9
9
10
11
9
10
11
10
11
12
12
12
12
12
10
10
10
10
11
12
12
11
11
10
10
10
12
11
12
12
12
12
12
10
11
12
12
13
12
13
11
12
14
13
12
11
11
11
12
11
13
10
12
12
13
10
12
10
10
12
11
11
11
10
11
11
11
11
10
11
11
11
10
11
9
9
12
10
10
10
10
10
11
11
12
11
10
10
10
10
9
10
11
12
11
12
10
11
11
10
11
13
12
13
13
13
15
14
15
14
15
14
15
14
14
16
18
17
19
18
18
18
18
18
17
17
15
16
15
16
16
16
17
16
15
15
13
15
15
16
14
14
15
14
14
14
13
13
12
13
12
14
12
13
12
12
11
12
12
13
13
12
15
13
13
12
13
13
12
14
12
12
11
12
12
12
11
12
12
13
11
11
13
10
11
11
10
12
12
12
12
10
10
12
11
12
12
13
12
14
14
14
12
13
13
13
12
12
11
12
11
12
10
12
12
14
11
13
12
12
12
12
12
12
13
12
13
11
13
14
553
677
678
677
677
674
658
585
550
639
641
643
643
642
644
643
642
642
643
643
642
643
642
643
642
642
642
642
642
642
642
641
641
643
643
643
641
641
641
642
642
643
642
642
641
640
636
640
641
642
641
642
643
642
642
641
643
642
642
642
644
267
642
642
642
643
643
641
642
640
642
642
640
234
210
189
167
120
30
0
641
642
642
643
643
642
642
642
644
642
642
608
234
208
192
645
641
602
642
642
643
642
639
243
214
642
642
641
641
642
646
643
643
643
643
643
642
643
643
643
643
643
641
642
644
643
641
642
643
643
643
642
643
643
642
644
642
612
582
553
533
515
501
488
481
477
476
480
481
487
497
504
517
528
544
557
574
590
608
626
641
643
641
643
643
641
643
641
643
643
642
643
643
642
641
642
643
641
643
642
641
642
643
642
636
677
641
642
642
642
642
642
642
642
643
642
643
643
643
642
643
643
642
643
641
641
643
642
642
640
640
642
640
641
641
639
638
638
258
230
209
188
641
595
640
640
641
641
642
642
642
641
642
642
641
641
640
628
607
641
642
636
639
243
236
639
641
637
640
640
640
638
633
636
631
642
641
643
643
642
642
641
628
234
210
189
642
642
643
642
642
642
642
643
643
643
642
642
643
642
643
641
641
642
642
643
643
643
642
643
641
642
641
643
643
642
643
642
642
642
643
643
643
642
642
642
641
642
643
643
643
643
641
642
643
642
643
641
642
642
643
642
642
642
643
642
642
642
641
643
642
642
642
643
643
642
641
643
642
641
642
641
641
642
636
639
641
643
640
615
618
607
642
239
642
641
630
637
635
622
623
633
603
240
217
195
174
140
644
619
487
641
240
632
633
626
642
641
642
630
641
638
642
643
676
678
677
667
645
643
643
642
641
642
643
643
643
642
642
642
643
643
642
642
642
642
642
643
643
643
642
642
643
643
643
642
642
643
642
643
642
641
643
644
643
642
642
643
642
643
643
643
643
642
643
643
643
643
643
642
642
642
643
642
643
643
642
643
643
642
642
644
643
643
642
643
643
643
641
643
643
642
643
643
643
644
643
642
642
643
643
641
642
643
643
643
643
642
643
641
643
642
642
643
642
642
642
643
644
643
643
642
643
643
642
642
643
643
643
643
642
642
642
643
642
642
642
643
643
644
642
642
643
643
643
641
642
641
642
642
643
643
643
642
642
642
643
642
642
641
642
642
642
642
642
642
643
641
641
642
642
642
643
642
641
641
643
641
642
642
642
642
642
641
641
641
642
642
643
643
642
642
643
642
642
641
642
642
643
643
643
641
642
641
643
643
642
643
642
643
641
643
641
642
641
642
641
641
642
642
643
643
642
642
642
641
622
632
617
252
227
206
642
642
641
640
675
676
677
675
659
584
550
550
555
559
563
568
573
576
580
584
645
639
643
643
643
676
643
643
643
642
642
643
643
642
643
642
642
642
642
642
642
643
642
642
643
643
644
643
643
643
643
642
643
644
643
642
642
643
643
642
642
642
643
643
642
643
643
644
643
643
643
642
643
643
642
642
643
642
643
643
642
644
642
642
642
644
643
644
643
643
642
643
643
642
643
643
642
642
642
643
644
642
643
643
642
643
643
643
642
643
642
643
643
643
643
642
644
643
643
643
643
642
643
643
642
644
642
643
643
643
642
642
642
642
643
643
642
642
642
643
643
643
643
644
643
643
643
642
642
644
643
644
643
642
643
643
644
642
642
643
643
643
644
644
642
643
642
642
643
642
643
642
642
642
643
642
643
642
643
642
643
643
642
641
642
642
642
643
643
642
643
642
643
643
641
642
642
642
641
642
642
643
641
641
643
643
643
676
677
677
677
674
644
572
549
551
643
642
644
642
643
643
643
642
643
642
642
642
642
643
643
643
642
643
642
642
643
643
643
643
643
642
642
642
643
642
642
642
642
643
643
643
643
642
643
643
642
642
642
642
643
643
643
643
643
642
642
643
643
643
643
643
642
642
642
642
643
643
642
643
643
643
642
642
642
643
643
642
643
642
642
643
643
643
642
643
643
642
642
643
642
643
643
642
642
642
643
643
643
643
643
642
642
642
643
642
643
642
643
643
643
642
642
642
643
642
643
642
644
643
642
641
644
644
643
643
642
643
642
642
643
643
643
642
642
642
643
642
642
643
642
643
643
643
642
642
641
642
642
642
642
641
643
642
641
643
642
643
642
642
643
642
641
642
643
643
642
642
643
643
643
642
642
642
641
641
642
642
643
642
642
642
643
642
643
642
642
642
642
642
642
641
642
642
643
641
642
643
642
641
642
642
642
643
643
642
642
643
641
642
642
642
642
643
643
643
644
641
642
643
641
641
642
643
642
643
642
643
642
641
643
642
643
642
642
642
642
643
642
641
642
643
643
642
643
642
642
642
641
643
643
642
642
643
641
643
643
642
641
642
642
642
643
641
642
643
643
642
643
642
642
643
641
643
642
643
642
642
641
642
642
642
643
642
643
643
642
643
643
642
643
642
642
642
643
641
643
643
642
643
642
643
643
642
643
641
643
642
643
643
642
642
642
642
642
642
641
643
642
642
642
643
643
642
643
643
641
643
641
642
643
642
643
641
642
642
641
642
642
642
643
641
642
643
642
643
643
643
641
642
642
643
642
643
642
642
641
642
641
643
642
641
642
642
642
641
642
642
642
642
641
642
643
642
643
642
642
642
643
643
642
642
642
642
642
642
641
642
643
642
642
642
643
642
642
642
643
643
642
642
642
643
643
643
642
641
643
642
641
642
642
642
643
642
643
643
642
641
643
642
642
642
641
643
643
642
643
643
642
643
641
643
642
642
644
643
641
643
641
642
642
642
642
643
642
643
642
643
643
642
641
642
642
641
641
641
641
643
643
642
643
641
642
641
643
642
642
643
642
642
642
642
642
641
643
642
643
642
642
641
642
642
642
642
641
642
642
642
643
641
644
642
642
642
643
643
642
642
641
643
641
642
642
641
642
641
643
643
642
642
642
643
642
642
642
642
643
643
643
641
642
642
644
642
642
643
642
643
643
641
641
643
643
643
641
643
642
642
642
642
642
643
643
643
642
642
643
642
642
642
641
641
641
642
642
642
641
641
643
642
642
641
642
642
643
643
643
642
641
642
642
642
643
643
643
642
641
642
641
642
641
641
642
642
642
643
642
642
641
642
641
641
643
641
641
643
641
642
642
642
643
643
641
642
642
642
642
643
641
642
642
643
641
642
643
641
641
642
642
641
642
642
639
637
620
607
605
582
584
592
587
579
578
569
557
539
526
529
510
514
530
525
539
541
511
505
508
510
486
503
539
529
524
510
538
512
510
535
529
516
498
523
535
517
527
532
515
499
522
532
518
498
523
507
515
513
496
511
525
525
521
494
492
508
508
499
518
536
514
506
521
511
502
505
508
479
488
506
504
492
490
470
466
475
466
456
454
455
458
459
441
442
441
439
449
440
432
435
413
421
427
425
401
389
405
421
403
418
424
401
400
410
416
445
471
465
451
448
433
459
453
443
448
421
410
410
421
411
397
397
381
386
375
377
396
378
374
370
354
358
363
353
343
355
355
338
349
355
337
335
358
357
348
336
335
327
317
340
328
319
332
323
320
322
326
322
317
337
341
319
317
329
328
354
353
349
356
344
336
345
341
327
313
321
317
311
303
305
318
323
314
309
321
313
300
285
280
277
272
273
276
288
280
291
298
284
286
280
276
269
269
285
273
265
269
259
288
285
278
272
277
271
274
283
281
269
291
299
299
308
298
299
295
293
290
279
268
279
270
285
299
314
316
305
333
367
379
364
353
359
356
347
331
313
313
327
311
311
317
338
330
316
315
334
335
328
316
310
311
292
283
278
268
291
287
310
325
345
331
318
305
299
298
298
297
269
277
269
269
274
275
282
313
349
341
334
334
327
314
311
326
348
359
349
340
339
353
362
353
359
343
327
320
318
302
293
303
295
285
268
261
249
251
261
277
305
325
369
410
464
517
569
618
642
643
641
643
642
643
642
642
643
641
642
643
643
644
642
642
642
642
641
642
643
642
643
643
643
642
643
643
642
642
644
643
642
642
642
643
642
642
642
643
642
643
642
642
642
643
642
643
643
642
643
642
642
642
642
643
643
643
644
642
643
641
643
643
641
642
643
643
643
644
643
643
642
642
642
643
637
642
642
641
641
642
642
643
641
642
642
643
643
642
642
642
641
379
249
224
201
179
150
72
17
3
0
0
0
0
0
0
0
0
0
0
0
0
0
0
0
0
0
0
0
0
0
0
0
0
0
625
642
642
641
642
641
643
641
639
642
640
641
637
638
642
642
641
637
642
211
642
642
643
641
640
641
640
640
641
641
641
642
640
641
642
642
643
640
642
641
641
642
643
642
641
642
642
641
643
643
638
632
634
635
635
634
633
638
634
638
640
637
642
640
641
642
642
639
643
639
641
636
621
633
643
642
641
643
641
641
643
641
642
642
641
642
643
642
642
643
643
643
642
642
641
642
641
642
643
643
642
641
641
630
619
609
599
589
580
571
566
558
549
540
531
523
515
507
501
492
485
477
469
463
454
448
442
433
429
422
416
409
403
397
390
383
378
372
366
361
355
349
343
338
333
328
323
317
314
309
303
300
295
291
287
283
277
275
273
267
262
259
254
249
245
240
238
234
231
227
224
220
216
212
208
205
203
199
195
193
190
188
184
181
179
176
172
170
166
166
163
159
157
154
151
150
146
145
143
142
138
138
136
133
131
129
128
124
123
123
122
119
115
113
112
110
109
109
106
105
103
103
102
99
99
97
97
95
94
93
93
92
90
89
88
87
86
85
84
83
83
82
83
80
81
81
80
81
80
80
79
77
77
78
76
75
76
76
75
75
73
74
72
72
73
72
72
73
74
70
68
66
68
66
67
68
65
64
63
63
64
64
66
65
63
63
63
63
66
65
64
64
61
60
60
60
61
59
59
60
59
58
58
60
60
60
60
60
60
59
58
60
58
57
58
60
59
58
56
59
60
56
60
59
58
56
57
55
55
54
54
54
53
52
53
53
53
53
53
53
52
52
51
52
51
51
50
50
47
47
48
48
48
48
46
47
46
46
46
46
44
45
44
45
45
44
44
45
43
43
43
42
43
42
42
42
41
40
39
40
40
42
43
42
40
39
40
39
37
38
37
36
37
36
36
34
36
35
33
34
36
34
33
32
33
31
32
32
30
31
30
31
30
30
32
31
32
32
31
31
29
30
29
29
30
30
30
28
28
28
30
30
28
28
29
29
28
29
30
29
28
29
29
29
29
28
28
28
30
31
29
30
31
31
31
30
30
30
31
32
31
32
32
31
34
32
34
32
33
33
34
35
34
34
32
33
35
34
34
35
33
34
34
34
35
34
34
33
35
34
34
34
33
33
32
34
31
31
34
34
33
32
33
34
33
34
33
34
32
33
32
32
33
32
34
34
33
33
34
32
34
34
35
35
35
34
37
36
39
38
36
38
38
39
36
36
36
36
35
34
35
34
33
33
32
33
32
31
33
32
33
34
34
35
35
36
36
35
37
36
36
37
36
38
38
40
41
40
41
41
41
40
41
43
42
42
42
42
42
44
44
44
44
44
45
45
46
47
47
47
48
48
47
48
49
48
48
49
48
48
47
49
47
49
50
48
50
49
48
47
47
49
48
48
48
48
48
48
50
49
49
48
48
50
48
49
48
49
49
49
48
48
49
48
49
46
47
47
48
46
48
49
47
49
48
48
47
47
46
45
46
44
44
44
44
45
44
43
44
43
44
42
41
42
43
43
42
42
42
42
43
43
44
43
43
43
42
41
42
43
43
43
42
41
41
42
41
41
42
40
42
40
41
41
41
41
40
42
41
40
41
40
41
42
40
40
39
43
40
40
44
45
44
44
46
47
46
47
46
46
46
46
47
46
46
46
46
46
47
46
46
47
47
46
48
47
48
46
46
49
49
48
48
48
50
48
48
49
50
50
50
48
49
49
48
48
49
47
50
48
49
47
46
44
43
42
44
43
40
40
42
40
45
46
49
51
55
52
52
51
49
56
66
74
84
87
93
103
99
110
117
121
126
131
131
139
134
146
164
164
180
171
173
187
185
186
184
185
178
177
181
181
174
167
182
185
198
198
188
181
185
197
202
217
219
256
273
284
275
262
249
240
239
254
251
242
233
237
238
246
252
254
244
238
235
219
224
212
215
206
201
198
193
192
188
203
207
227
218
205
194
194
188
183
184
176
172
168
157
157
156
170
177
177
177
179
196
197
185
176
178
172
166
165
165
160
157
179
199
219
213
208
202
195
193
200
193
185
179
175
170
173
167
169
178
183
175
167
164
161
154
154
150
150
148
156
147
149
143
159
160
149
141
135
136
134
138
138
141
132
141
147
151
150
146
138
137
131
125
123
120
121
119
116
109
103
98
99
95
98
97
93
95
95
99
99
93
92
91
89
86
85
85
86
80
76
73
70
70
69
70
71
73
78
78
81
84
89
93
97
98
103
110
115
119
123
127
129
137
139
139
141
142
143
142
143
145
147
145
149
155
156
160
166
171
175
179
183
185
188
194
202
208
214
222
232
245
256
271
286
304
320
346
369
388
410
436
456
477
498
520
537
555
572
589
605
618
635
642
642
643
643
642
643
642
642
643
643
642
642
643
643
642
643
642
643
642
643
643
642
643
642
643
642
643
642
643
642
642
643
642
642
642
643
643
643
643
643
643
642
642
642
642
643
643
643
643
642
641
642
638
620
602
588
570
551
534
514
496
479
463
449
434
419
408
398
386
378
374
371
368
363
360
357
354
348
345
342
340
340
337
336
336
336
336
329
330
332
331
327
326
326
324
321
319
316
313
313
308
304
298
293
290
285
279
272
269
262
254
249
244
238
232
227
224
220
215
212
209
207
203
202
200
200
201
202
201
198
198
199
197
196
196
196
196
193
191
189
187
187
187
184
178
175
175
173
170
167
163
156
149
144
141
136
129
122
114
107
104
100
95
93
92
95
95
94
93
94
95
95
94
93
92
91
92
94
95
95
95
96
98
97
97
99
103
106
110
110
113
111
110
109
109
106
104
101
95
92
90
87
84
84
81
79
75
72
72
71
72
71
70
71
72
69
68
69
69
69
69
71
72
77
82
85
90
94
95
98
100
107
108
109
114
116
122
127
130
131
136
137
139
142
145
145
144
147
150
152
155
159
169
173
179
182
187
191
195
198
205
209
211
209
211
219
227
232
237
243
251
259
264
270
286
301
315
327
339
357
372
388
402
415
426
440
451
464
476
487
500
508
514
520
527
531
538
545
552
558
563
566
575
582
585
595
603
606
612
618
624
632
637
637
632
640
641
642
641
642
643
642
642
635
633
641
642
642
638
631
642
643
624
592
604
621
632
628
620
607
598
583
580
564
559
547
547
524
528
519
510
497
491
484
476
468
461
456
448
444
437
432
426
422
417
411
407
403
398
392
389
384
382
377
375
371
367
364
361
359
354
352
349
348
343
339
336
332
331
326
323
320
319
318
314
311
309
305
302
298
297
291
292
289
286
283
280
277
275
273
268
267
261
262
257
256
253
249
247
244
243
239
237
232
231
228
225
221
220
216
214
212
206
204
203
201
196
194
193
190
187
186
184
181
179
178
175
170
171
167
167
166
163
161
159
158
155
154
151
149
147
145
143
142
140
138
136
135
134
132
129
127
128
124
125
122
121
119
117
115
114
111
111
110
109
107
104
104
103
101
99
98
98
95
93
93
94
91
88
89
89
86
87
84
83
81
79
79
78
76
74
73
74
71
71
69
68
66
67
65
64
63
61
60
60
60
59
57
55
54
52
53
51
50
49
48
48
46
47
46
44
43
42
44
40
40
38
39
38
36
34
35
33
32
31
28
31
32
33
40
46
53
62
70
83
96
108
125
143
164
183
203
222
244
261
277
289
299
308
313
319
324
326
327
331
333
336
340
344
347
347
345
344
340
337
334
337
342
352
365
381
396
414
435
454
477
497
520
541
560
580
602
628
643
643
643
642
642
643
642
642
642
643
643
643
643
643
643
643
643
643
642
643
643
643
642
642
643
642
642
643
642
642
643
642
643
642
643
643
642
642
643
642
643
642
643
642
641
643
643
643
643
644
642
643
642
643
643
643
641
643
642
642
641
642
642
643
643
643
643
642
642
644
643
642
643
644
643
642
642
642
642
644
642
642
643
642
642
643
642
641
642
643
642
642
643
643
643
643
642
643
642
643
643
643
642
643
642
642
639
623
604
586
568
550
530
510
490
469
449
432
415
396
377
362
345
329
317
303
286
272
262
250
238
226
216
207
199
188
179
169
161
150
140
133
124
120
113
108
104
101
97
94
93
89
86
83
81
81
80
79
81
83
87
89
90
92
95
99
102
108
111
115
118
121
126
129
134
138
139
140
140
141
141
137
136
131
127
123
116
109
103
97
94
89
84
81
76
72
69
68
65
61
58
55
52
50
50
49
47
45
42
41
38
37
37
36
33
32
32
30
30
31
31
31
28
28
32
33
30
31
30
30
28
29
26
26
25
26
24
22
22
21
20
20
20
21
19
19
19
17
19
17
17
18
16
15
17
19
23
23
27
29
30
35
38
43
46
49
50
54
58
60
63
65
69
74
76
78
78
82
84
85
88
92
96
99
100
102
109
112
115
117
120
124
125
126
128
125
122
121
120
114
113
109
105
101
97
92
87
84
84
84
85
83
83
82
83
82
83
82
84
87
86
88
92
93
94
97
98
100
102
103
105
106
105
103
104
105
105
107
106
105
102
103
100
99
96
95
92
90
87
83
80
77
73
71
67
64
62
59
58
58
56
55
53
53
54
54
53
55
56
58
58
58
59
60
62
62
64
64
64
67
68
70
72
73
74
76
78
79
80
80
83
82
84
87
89
88
88
89
89
90
92
95
97
98
101
104
110
116
123
129
137
144
151
158
164
170
177
183
191
199
205
212
217
226
230
240
248
251
261
271
281
293
306
320
334
351
365
379
397
420
441
464
492
516
547
583
613
643
644
643
643
643
644
643
643
642
643
644
644
642
644
644
643
643
643
642
644
643
644
644
642
642
643
644
644
642
643
644
642
643
644
644
643
644
643
643
643
644
644
643
643
643
644
642
644
643
643
644
644
644
644
643
644
643
644
644
642
643
643
644
643
643
644
644
644
644
642
644
643
642
643
643
645
643
643
643
643
643
644
643
644
643
644
643
642
644
644
642
644
643
642
644
643
642
642
643
643
643
643
643
643
643
644
644
643
644
644
644
642
643
643
642
642
643
643
643
643
643
643
643
643
643
643
644
643
643
644
643
643
642
643
642
642
640
622
598
573
549
528
504
483
463
444
427
409
390
377
364
346
326
309
291
275
257
240
225
210
197
186
172
162
153
145
137
135
134
132
131
133
133
134
137
140
145
145
148
154
162
172
181
191
201
210
222
228
235
243
248
251
257
265
268
268
268
267
265
266
264
255
248
242
235
228
219
208
203
196
189
182
171
161
150
143
134
131
122
120
116
111
111
109
104
101
96
92
94
96
97
96
101
106
109
113
119
125
128
129
135
143
146
153
160
165
169
174
180
183
187
193
199
202
208
214
220
225
227
235
243
247
252
254
261
267
273
277
275
281
284
288
290
292
291
291
289
289
286
282
282
282
278
272
266
266
264
258
255
253
256
253
249
247
249
246
241
239
237
234
230
225
223
218
214
209
201
198
196
194
187
177
165
158
148
141
136
129
123
118
116
118
117
120
123
122
125
129
133
135
137
139
143
148
151
151
154
155
160
160
166
170
173
181
188
195
203
214
223
231
241
255
266
277
285
295
300
307
313
323
328
332
337
343
348
349
349
352
352
356
355
354
345
340
334
325
319
313
306
292
283
277
267
258
250
241
232
221
215
203
191
185
177
170
162
156
151
143
137
130
123
117
110
105
99
94
90
87
86
88
90
92
92
95
99
105
111
117
125
135
146
150
155
163
167
168
176
185
195
204
210
216
220
221
224
226
225
227
225
220
213
208
203
198
190
184
176
170
164
156
152
145
140
137
136
135
137
135
139
146
151
152
158
159
161
162
165
168
171
179
189
197
207
220
235
247
262
272
284
300
313
328
340
352
362
373
388
401
416
428
439
451
464
478
492
505
518
534
546
559
574
586
599
610
623
633
641
643
641
643
643
642
642
643
643
643
643
642
642
642
643
642
643
643
642
642
643
642
642
643
643
643
643
642
643
642
642
643
643
643
642
642
643
643
642
643
643
642
642
643
642
643
643
642
643
643
642
643
642
643
643
643
643
642
642
642
642
643
642
643
642
642
643
643
642
642
642
642
643
643
642
643
643
643
643
643
642
642
643
642
642
642
643
642
643
643
643
642
642
642
642
642
643
641
642
643
643
643
642
643
642
643
644
642
644
643
643
642
642
642
642
642
642
642
643
642
643
643
643
643
644
642
643
643
642
642
643
642
642
642
643
643
642
642
643
643
643
642
643
643
642
642
642
642
643
643
642
643
642
643
643
643
642
642
643
643
642
642
642
643
643
641
643
642
643
643
642
643
643
642
643
642
642
643
643
643
643
643
642
643
642
642
642
643
642
642
642
642
643
643
642
642
642
642
642
643
643
641
642
641
641
642
643
643
643
642
643
643
643
643
642
642
643
643
643
642
642
643
643
643
642
642
642
643
643
643
643
643
642
643
643
639
633
628
624
618
615
609
602
597
590
587
582
578
573
570
566
562
559
555
550
546
542
536
532
529
525
521
517
516
513
510
507
507
506
503
503
501
500
498
497
497
496
495
495
494
492
493
494
494
494
494
494
495
498
502
510
520
533
547
562
582
603
629
643
643
643
643
642
644
642
642
643
643
643
643
641
643
643
643
643
643
642
642
643
642
642
643
643
643
643
643
643
643
643
643
644
643
643
643
643
642
643
643
642
642
643
644
642
642
642
636
629
621
611
601
590
579
567
553
541
530
520
510
499
491
485
477
469
465
461
458
456
453
449
447
446
446
444
443
442
441
441
441
442
442
439
438
435
431
427
423
417
409
401
394
389
382
374
368
361
352
343
335
326
317
309
298
292
287
279
274
270
266
263
260
256
253
253
254
256
257
260
260
264
267
271
273
277
281
282
286
287
290
291
291
294
297
297
298
300
300
303
301
302
302
302
300
296
294
290
287
282
280
275
272
269
266
260
257
252
250
244
242
238
237
235
230
229
224
223
219
217
213
210
208
204
201
198
195
194
191
188
185
184
181
178
176
176
173
171
169
167
166
164
161
159
157
157
155
152
151
149
148
146
144
142
142
140
139
137
134
133
132
131
129
127
124
124
122
121
118
117
115
113
113
111
110
109
108
106
104
103
103
100
100
99
98
97
98
97
96
96
95
94
93
93
92
92
92
90
90
89
88
87
87
86
87
86
86
86
84
82
83
83
84
84
83
80
81
81
81
82
80
76
76
77
77
75
72
71
70
71
70
68
70
67
65
63
62
61
60
60
58
54
53
52
50
48
44
43
44
45
46
51
60
72
90
115
149
189
235
287
337
390
442
498
550
599
642
642
643
642
642
642
643
643
643
643
642
642
643
643
642
643
643
642
642
643
643
643
643
643
643
643
642
642
642
643
644
643
642
643
643
642
643
643
644
642
643
643
642
642
643
642
642
643
643
643
643
642
642
643
643
642
643
643
643
644
643
643
642
643
642
643
642
642
642
606
570
534
500
467
435
407
382
367
350
338
326
314
299
289
273
259
243
229
214
203
191
179
173
164
156
147
138
130
122
117
115
112
114
119
121
126
133
144
159
174
187
203
221
237
255
269
284
301
316
332
345
360
380
396
408
427
443
456
469
480
493
503
514
526
538
547
555
570
581
591
602
614
626
637
642
643
643
643
642
641
642
643
642
643
642
644
643
642
642
641
642
642
642
643
643
643
643
642
642
642
642
642
643
642
643
643
644
643
643
642
642
642
642
643
642
642
642
640
626
615
610
597
595
585
584
554
557
568
561
555
546
530
525
508
499
494
491
486
467
451
458
448
442
440
442
416
415
421
412
395
384
387
381
375
367
368
373
358
343
340
348
337
336
328
318
323
340
345
340
326
321
320
303
302
305
292
286
284
278
270
270
279
272
274
267
267
259
253
250
234
229
231
220
214
206
198
186
176
176
178
180
189
196
203
213
221
227
233
240
254
262
280
304
336
375
420
470
518
572
625
643
641
642
642
643
642
643
642
642
642
643
643
643
641
642
643
644
643
643
642
641
642
643
643
643
642
643
643
643
642
642
643
642
641
642
642
642
642
641
641
643
642
643
642
643
643
642
643
642
643
642
643
643
641
643
643
641
642
642
643
643
642
643
642
642
643
643
642
642
642
642
642
643
641
643
642
641
642
642
641
643
641
642
642
642
641
643
641
641
615
606
606
604
599
596
587
571
564
553
543
538
535
518
500
492
512
513
504
496
493
483
465
467
462
450
434
422
415
417
426
417
407
402
395
394
391
384
371
363
352
351
356
345
340
341
335
329
325
321
313
306
292
291
303
310
300
300
288
273
270
278
278
277
266
258
244
244
246
241
229
228
235
241
242
230
240
228
222
222
221
224
214
208
209
204
199
198
205
199
188
187
181
189
187
186
176
167
172
175
170
162
160
163
158
158
159
160
153
154
149
144
142
155
154
150
142
153
157
157
149
140
141
143
151
146
149
143
141
134
135
137
133
133
127
126
122
123
128
131
138
137
136
139
143
138
135
133
131
134
136
134
129
124
122
119
116
112
119
114
127
137
131
127
129
125
118
112
107
100
97
94
91
88
90
89
84
81
80
78
77
75
72
71
71
70
67
65
67
69
67
66
65
62
63
62
62
61
60
59
60
56
57
57
56
56
54
56
55
55
54
54
55
54
53
55
54
53
54
53
54
52
53
53
50
51
50
50
51
50
49
51
51
52
51
50
50
50
52
52
53
55
54
52
51
54
52
54
54
53
51
52
52
51
52
52
52
51
50
50
50
52
50
50
50
52
50
49
50
50
50
49
51
51
49
49
48
48
48
46
47
47
45
47
44
46
44
45
45
42
43
41
40
42
43
41
43
42
40
40
40
40
42
40
41
39
39
39
39
38
37
38
38
38
36
36
37
35
34
35
36
37
34
37
35
35
38
38
36
35
35
35
33
33
35
34
33
34
34
32
34
32
32
34
32
31
31
33
33
34
34
31
32
30
30
31
29
30
29
28
28
30
31
30
30
29
28
28
28
31
31
28
30
28
28
29
28
26
27
27
28
26
27
27
27
29
29
29
29
28
26
28
26
28
27
25
24
24
26
30
33
37
41
46
51
51
53
54
55
52
51
48
46
45
42
43
45
45
51
55
56
63
67
70
74
78
78
78
78
76
73
70
68
65
65
62
59
58
58
55
52
52
49
49
50
48
48
48
45
44
43
42
42
42
41
41
40
39
39
38
35
36
34
33
33
32
31
34
33
32
31
31
31
30
31
29
28
27
27
26
28
28
28
25
27
26
25
26
24
23
23
22
22
20
21
20
20
19
21
20
20
22
20
21
22
25
22
21
23
23
23
23
26
27
27
25
27
24
24
24
23
24
25
22
23
23
23
20
21
22
22
21
23
24
22
26
26
23
23
26
25
26
25
24
24
24
26
26
26
23
24
25
26
29
28
28
27
29
26
27
27
28
29
30
29
27
27
24
26
28
29
28
28
27
26
24
26
24
26
24
24
22
22
23
21
21
22
20
23
22
22
20
22
20
20
20
21
22
23
23
21
22
20
21
20
21
20
21
20
21
22
22
24
23
24
25
22
23
24
22
22
22
22
22
23
22
23
23
24
23
25
23
23
24
24
24
23
24
23
22
22
23
22
23
24
24
23
22
22
22
20
22
22
22
23
22
22
22
24
23
22
22
22
22
23
23
23
22
24
24
24
25
23
23
22
22
21
21
23
23
23
22
22
21
21
21
20
20
19
20
19
20
20
18
19
18
19
19
19
18
18
20
19
19
20
20
21
20
20
20
18
18
18
18
18
17
17
18
17
20
19
18
18
17
17
15
16
16
17
18
17
19
19
20
18
18
18
19
19
21
23
25
27
29
28
28
28
26
25
24
24
24
25
23
24
22
22
22
26
29
37
49
59
77
95
115
140
163
187
213
240
265
288
311
330
347
362
374
379
382
384
379
374
366
354
341
327
311
296
275
257
240
227
217
209
201
200
200
200
203
207
210
214
218
220
219
213
208
204
199
195
190
186
182
178
174
171
167
164
162
159
155
151
150
146
144
142
140
137
135
132
130
128
127
126
121
120
118
115
112
109
107
107
105
99
98
98
97
95
93
93
91
87
85
82
77
76
72
72
74
74
71
71
66
66
71
70
79
83
85
85
88
87
83
87
86
99
103
107
108
113
114
113
128
135
136
152
156
161
164
170
168
159
163
155
147
148
146
139
136
139
141
134
129
127
130
132
145
157
158
160
156
162
157
152
153
150
151
151
151
153
157
156
162
165
161
156
150
159
157
148
144
144
142
135
132
133
140
143
141
133
131
132
129
129
122
122
300
491
447
452
469
464
527
596
606
604
576
544
532
524
493
475
458
251
430
431
440
252
225
204
184
366
427
467
512
555
581
610
629
620
607
639
642
642
643
643
642
461
642
643
643
642
637
609
591
595
592
579
547
544
534
524
520
505
493
488
474
454
445
442
423
400
378
369
372
357
340
341
336
326
318
311
305
294
283
275
261
247
234
227
225
221
219
218
214
209
201
196
187
175
167
161
152
150
146
141
136
134
134
132
128
122
117
112
106
105
105
105
105
98
101
105
101
99
100
94
94
89
90
92
98
102
97
104
108
106
105
103
101
97
93
90
88
85
86
87
95
186
449
642
642
641
641
641
641
643
642
642
632
601
562
526
507
497
494
494
498
504
509
511
513
516
513
513
515
519
522
533
575
642
643
643
643
642
642
642
642
586
644
643
643
639
633
623
631
632
630
631
642
643
642
662
256
228
207
185
162
99
31
6
642
643
643
638
642
639
642
643
643
642
642
642
640
642
642
642
639
642
642
641
641
643
641
642
643
642
643
641
643
642
643
642
643
643
643
642
641
643
643
643
642
642
642
642
643
642
643
644
643
642
642
643
641
641
642
642
642
644
635
641
639
623
611
594
581
545
539
529
517
495
494
468
443
441
442
416
403
383
379
384
376
372
357
341
328
318
309
302
294
290
291
310
311
293
284
283
274
256
261
249
235
229
221
215
217
221
215
212
214
218
210
202
202
193
190
189
199
195
185
183
176
170
166
165
160
159
155
147
142
139
140
135
132
128
127
124
129
125
122
118
116
121
122
127
127
123
119
117
122
132
147
146
143
141
135
129
141
139
136
132
127
122
121
117
115
115
122
118
117
129
134
128
123
116
119
120
124
131
139
143
142
136
133
130
127
124
121
119
114
109
105
107
110
118
113
117
126
123
121
115
111
106
106
105
102
99
112
126
141
137
132
126
121
129
137
136
129
125
118
112
111
111
113
109
106
110
106
104
104
118
121
122
125
122
122
119
117
112
113
106
104
98
96
93
93
94
98
98
98
98
96
95
93
96
96
99
101
95
94
93
91
87
85
82
81
79
77
77
78
80
76
89
111
126
131
129
120
115
113
111
112
107
101
99
94
96
107
106
105
102
107
107
105
99
96
96
94
89
86
83
80
76
74
71
70
67
66
64
62
59
56
55
54
51
50
48
45
44
44
41
42
41
39
36
34
34
33
30
31
32
33
29
30
29
26
25
25
24
22
24
23
21
20
21
20
18
19
20
18
19
17
19
17
17
19
17
20
18
18
19
20
18
19
17
17
17
18
18
18
16
15
17
15
15
14
13
13
13
13
13
14
13
13
15
14
13
14
14
12
12
12
14
14
14
12
14
14
14
11
14
11
11
11
11
13
12
12
13
13
12
13
13
11
12
12
12
11
12
12
12
12
12
11
11
10
12
13
12
11
11
11
11
11
11
10
12
11
9
10
10
11
12
10
12
13
11
13
12
12
13
13
13
12
12
14
12
14
13
13
13
12
14
14
13
13
15
14
15
15
15
14
14
13
14
14
13
14
12
13
13
13
12
13
13
12
13
12
13
14
13
14
14
15
13
14
12
12
14
13
12
14
12
14
12
14
14
14
14
15
15
14
14
15
14
13
13
13
14
12
13
12
13
13
13
12
14
12
14
15
14
14
14
14
15
13
15
13
15
14
14
14
15
14
14
15
14
16
15
16
15
15
13
14
15
15
14
15
14
15
15
15
14
15
16
16
15
14
15
15
17
15
16
17
15
15
15
13
14
15
14
14
14
14
13
13
13
14
13
14
14
15
15
15
14
14
15
15
14
14
14
15
15
14
14
14
14
14
14
12
14
12
13
12
14
13
13
14
12
13
14
14
15
16
15
17
14
14
15
14
15
15
14
13
15
15
15
14
15
14
14
13
15
15
15
15
15
14
14
14
15
15
15
14
13
14
14
15
15
15
15
14
14
15
14
14
16
18
18
17
19
19
20
20
20
20
20
19
19
19
17
18
16
15
16
15
15
16
17
16
18
16
17
17
17
18
16
15
16
16
14
15
13
15
16
15
15
18
16
17
16
18
18
18
17
18
18
20
19
18
18
17
18
18
18
18
17
18
18
17
18
17
16
16
17
16
16
16
16
16
16
15
15
17
17
16
16
16
15
15
15
16
16
17
18
17
15
16
18
16
16
16
15
14
15
14
13
13
15
13
13
14
14
14
13
14
13
15
12
14
14
14
15
14
14
14
12
15
14
14
15
14
15
16
15
16
17
17
18
17
18
18
16
17
16
17
18
16
16
17
16
16
17
17
18
18
16
17
17
16
15
16
16
17
17
16
16
18
19
19
19
20
18
19
19
20
22
22
22
25
22
25
28
33
31
31
31
31
34
35
36
36
35
34
33
32
32
34
34
35
33
33
33
32
31
32
31
32
30
29
31
29
30
30
34
37
41
49
54
63
74
82
91
101
118
137
155
177
197
214
232
249
268
289
305
322
335
348
361
374
385
397
403
410
415
415
415
413
407
401
393
382
376
373
365
360
352
344
336
329
321
310
299
285
270
252
239
229
223
221
219
221
222
225
226
230
233
236
241
244
250
253
258
262
268
268
269
264
262
254
252
245
240
238
237
230
225
219
219
215
211
206
204
200
198
194
188
186
185
185
180
174
170
172
164
166
165
162
159
155
152
151
149
145
141
139
132
130
131
128
120
121
118
118
122
118
111
108
104
108
103
106
105
106
104
102
101
107
107
129
125
132
125
137
147
163
188
196
190
189
210
209
225
213
208
209
204
205
209
213
204
196
191
193
190
188
183
187
187
184
189
180
181
193
188
187
185
178
181
190
204
209
206
231
232
220
211
216
211
208
203
204
215
228
218
218
214
228
231
239
239
247
239
227
218
217
218
220
229
214
220
238
251
247
244
243
234
250
238
224
213
209
218
231
223
222
219
214
223
221
215
218
227
231
226
217
219
217
207
222
215
218
216
228
237
236
223
218
208
199
194
192
200
213
230
233
246
254
268
265
256
242
235
227
217
210
209
204
204
206
213
215
209
212
210
208
196
196
197
191
182
177
172
169
187
192
188
204
207
200
191
183
178
177
185
189
189
184
192
193
188
192
187
200
192
183
176
180
173
168
171
168
159
165
165
175
175
183
181
188
197
206
220
210
207
195
186
180
170
174
166
160
157
177
184
183
176
179
187
195
187
180
169
172
166
165
154
158
147
151
153
152
149
142
135
130
125
131
123
117
111
105
103
105
101
96
95
94
93
90
85
80
77
74
73
71
71
69
67
68
73
74
74
74
74
79
84
84
86
86
86
87
85
82
83
81
76
79
76
73
72
73
75
76
76
77
78
78
77
72
69
65
63
62
59
58
57
57
53
51
51
51
51
48
50
55
60
64
68
75
81
80
94
95
104
107
105
104
113
115
115
116
124
120
143
156
167
166
163
155
151
143
143
138
140
146
144
144
144
140
133
124
122
127
122
123
123
125
123
129
130
130
139
134
129
130
127
125
125
122
118
114
109
112
116
125
130
143
145
136
134
138
143
143
145
136
132
125
124
117
113
120
115
121
116
111
105
102
95
106
112
118
113
113
116
109
113
111
106
104
99
92
97
102
102
102
111
121
127
126
130
128
124
125
132
131
132
136
143
139
139
138
146
154
165
167
172
169
170
171
163
157
151
148
149
180
200
208
317
332
320
321
321
306
286
271
259
248
247
245
231
219
212
213
219
213
219
217
217
209
206
200
197
189
183
175
164
153
146
141
144
156
165
151
132
171
257
312
361
407
457
498
521
532
549
562
538
536
560
572
577
579
578
550
555
561
557
549
533
522
512
492
486
476
459
449
428
413
420
425
431
418
409
394
374
363
355
339
316
300
292
302
306
342
361
384
375
369
382
383
367
349
332
312
493
516
598
641
642
642
642
642
642
642
642
642
643
643
642
625
603
592
562
554
542
521
500
476
456
441
418
391
368
345
333
316
324
321
309
293
275
258
245
239
237
232
227
226
221
220
215
207
209
205
195
196
190
194
214
217
206
205
203
199
197
195
195
193
189
186
184
182
182
178
173
173
168
166
166
164
162
160
158
156
155
153
152
153
151
148
145
143
145
141
143
141
139
138
137
132
133
136
132
130
131
129
127
125
124
123
124
122
120
118
117
117
114
113
113
113
111
108
107
104
104
105
104
102
101
102
99
97
97
96
95
96
94
96
95
94
93
92
89
90
89
88
87
87
87
86
87
85
86
84
83
85
82
80
80
78
78
78
79
78
78
76
77
74
75
74
73
74
73
72
71
71
73
69
71
69
70
71
69
66
67
68
67
65
63
65
64
61
63
62
60
61
61
60
58
58
57
56
55
52
53
52
53
51
50
50
49
49
49
50
49
48
48
49
48
49
47
46
42
43
43
43
44
43
41
43
40
41
40
39
40
37
37
38
37
37
35
36
36
33
31
34
33
33
34
32
32
30
31
29
30
30
29
27
28
26
25
26
25
24
26
24
24
23
24
26
23
23
21
22
23
23
22
21
20
22
21
21
22
21
18
18
21
24
22
23
24
23
22
23
20
23
23
24
26
25
25
26
26
24
24
24
23
24
26
27
26
26
24
25
25
24
24
22
21
22
21
22
19
21
19
21
24
22
21
20
21
20
21
21
19
20
124
444
675
676
677
676
671
466
643
643
643
642
642
644
642
643
642
644
644
642
643
643
642
643
642
644
644
643
643
643
642
642
643
643
642
642
644
643
643
642
643
642
643
643
643
642
644
642
644
643
643
642
644
642
642
642
643
644
643
644
642
643
642
642
643
644
642
643
642
643
643
643
644
643
642
644
643
643
642
643
642
642
642
642
642
642
643
643
643
644
642
643
642
641
641
643
676
642
643
642
643
642
643
642
643
643
644
642
640
642
643
642
645
643
643
641
642
642
641
643
642
643
643
643
642
643
642
642
642
642
642
642
641
643
642
642
643
642
643
642
643
643
642
643
642
642
642
642
642
642
643
642
642
642
642
642
641
642
641
633
627
622
620
620
621
620
621
623
626
631
636
641
642
641
643
642
642
642
642
643
643
641
643
641
642
643
642
643
642
643
641
642
642
642
643
643
642
643
642
642
643
643
643
642
643
641
643
642
642
643
642
643
643
643
641
642
643
642
641
643
642
642
641
642
643
642
642
641
642
642
642
641
642
643
642
643
642
643
642
641
642
642
642
642
643
642
642
642
642
642
642
642
643
643
643
643
642
642
641
642
642
643
642
642
643
642
641
641
641
641
642
643
643
643
642
642
643
642
643
643
641
643
642
643
643
643
642
642
643
643
643
643
643
642
642
643
643
643
642
642
642
643
641
642
642
642
642
642
642
642
642
641
642
643
642
643
643
642
642
642
642
643
643
643
641
642
642
642
644
642
642
642
643
643
642
641
642
642
642
643
642
642
642
642
642
643
641
643
642
642
643
642
642
642
643
641
641
643
642
643
641
643
641
642
642
643
642
642
641
643
642
642
643
643
642
642
643
642
642
642
642
643
642
642
643
642
641
643
643
641
643
642
642
642
642
644
642
642
642
642
643
642
642
641
642
642
641
642
642
642
642
642
643
643
643
642
643
641
643
641
643
643
641
643
643
642
641
642
642
642
643
643
643
643
643
643
643
642
643
642
643
643
642
641
642
643
642
643
643
644
643
643
642
642
643
642
642
642
641
643
641
643
641
642
643
642
643
643
641
641
643
641
643
642
642
643
646
642
642
642
641
641
641
643
642
641
643
643
642
643
641
643
642
642
642
643
641
643
642
642
642
643
642
642
643
643
643
643
641
643
643
642
642
642
642
643
643
642
642
641
643
641
642
643
643
642
641
642
642
640
642
641
633
642
642
643
640
633
634
626
598
609
581
605
628
636
616
610
607
602
592
588
584
577
552
549
536
552
554
530
517
524
542
546
525
524
533
530
512
505
495
506
484
482
485
478
474
476
481
479
465
459
481
480
477
457
467
468
458
447
449
454
449
436
426
427
405
415
427
424
408
424
425
425
410
400
391
389
374
389
383
383
380
383
385
385
375
363
371
371
352
349
332
349
344
356
367
357
345
343
338
341
330
330
327
329
315
301
324
328
325
315
342
352
336
334
343
330
310
310
302
309
314
309
294
290
292
290
281
280
283
273
292
304
301
289
279
285
285
274
280
279
269
263
260
257
293
311
305
289
287
289
286
284
297
303
297
289
296
308
296
291
289
290
285
280
263
261
254
258
257
254
256
258
277
284
277
264
259
255
251
242
230
227
234
222
211
204
196
210
219
213
210
204
226
231
222
213
207
203
202
193
189
202
204
199
190
194
182
179
177
183
184
180
177
176
191
211
205
208
212
233
238
232
219
211
223
227
220
211
207
204
208
210
215
204
195
191
197
206
631
645
642
648
643
642
643
642
643
643
641
643
642
642
643
642
641
642
643
643
642
641
643
642
642
643
642
642
642
643
641
642
643
641
641
642
642
643
676
642
642
643
643
642
641
676
677
677
677
676
659
582
653
641
643
643
643
643
642
642
643
642
642
642
643
642
643
644
642
643
644
643
643
677
677
677
676
651
572
642
643
642
643
643
643
642
642
643
642
643
643
643
643
644
644
643
643
643
643
643
643
642
643
642
643
643
643
644
642
642
643
643
644
643
644
644
643
643
642
643
643
642
643
643
642
643
644
643
643
643
642
643
643
643
644
641
644
643
642
644
644
642
643
643
643
642
643
642
642
643
642
643
643
643
643
642
643
643
643
643
642
643
643
642
643
644
642
643
643
644
643
643
643
643
643
642
642
643
643
643
642
643
643
643
643
643
642
643
642
642
643
643
644
642
642
642
643
643
642
641
642
643
642
643
642
641
642
643
643
641
643
641
642
642
642
641
642
643
642
643
642
643
643
642
643
642
642
642
643
642
643
643
641
643
643
642
641
642
642
643
643
643
643
642
643
642
641
643
643
642
642
643
642
642
643
643
642
643
643
642
643
642
642
642
643
642
642
643
642
642
642
643
643
643
641
643
642
643
642
641
642
642
644
642
649
644
647
703
684
678
677
642
643
642
263
221
199
169
116
29
629
639
586
638
641
440
639
641
642
641
642
642
642
643
642
643
642
642
643
642
643
642
643
643
643
643
644
643
643
643
643
642
643
642
642
644
644
642
643
643
643
642
644
643
644
643
642
643
642
642
630
608
585
560
535
511
486
460
433
408
382
359
338
323
308
300
294
290
288
287
290
295
302
312
321
334
347
363
377
394
409
427
449
468
490
509
529
552
574
596
617
640
642
643
643
641
643
642
642
642
642
642
643
642
643
642
642
642
641
641
643
642
642
641
643
642
641
643
641
643
643
643
642
642
642
643
642
642
642
642
642
642
642
643
642
642
642
642
642
642
642
642
642
643
641
643
641
642
642
643
643
643
643
642
643
643
642
642
642
642
643
643
642
642
642
641
641
643
643
641
642
641
642
643
642
642
643
642
643
643
642
641
642
643
643
643
643
641
643
641
642
643
643
642
642
643
642
643
641
643
642
642
643
643
642
642
643
642
643
643
642
643
641
642
643
642
642
642
642
643
642
643
642
642
642
641
641
642
641
642
642
642
642
642
643
642
642
643
641
642
642
643
642
643
642
643
643
642
643
642
641
642
642
641
641
643
642
643
643
642
642
641
643
643
643
642
642
643
643
642
641
642
643
642
642
642
642
642
641
643
642
643
641
642
642
643
643
642
642
643
642
643
643
643
642
643
641
643
642
642
643
643
643
642
643
642
643
643
643
642
643
642
643
642
642
643
642
641
642
642
643
641
643
642
643
642
642
642
642
642
641
643
642
641
642
641
643
641
642
642
643
643
642
642
643
643
642
642
643
643
642
642
642
642
642
643
642
642
643
642
642
642
643
641
642
642
642
643
641
642
642
641
642
641
642
643
642
642
641
643
643
643
643
643
643
643
642
643
641
643
643
642
643
643
642
642
641
642
643
643
642
641
641
642
642
643
642
643
642
643
641
642
642
642
641
642
643
643
643
642
641
643
642
642
641
642
643
643
641
642
642
642
642
641
642
642
641
640
636
633
629
626
623
621
616
612
610
605
602
593
584
576
567
565
559
545
545
539
536
530
535
526
520
514
499
501
506
503
506
516
505
473
469
471
468
470
477
474
460
469
470
458
445
443
456
457
456
453
434
435
438
435
437
435
426
410
425
423
422
416
413
414
410
421
421
416
427
410
400
387
390
401
406
404
399
388
398
399
399
388
376
389
383
373
376
375
384
381
376
370
374
379
375
361
352
359
359
354
353
343
326
334
337
337
345
341
333
319
323
325
316
313
316
316
308
310
308
297
299
299
304
312
306
298
283
273
291
295
301
287
281
285
282
299
303
299
294
294
284
295
292
286
284
278
272
263
256
266
259
251
242
261
266
258
263
253
262
263
248
241
246
239
226
224
233
229
222
217
210
211
205
231
233
233
229
224
212
210
208
227
234
232
235
229
221
230
218
218
217
224
223
215
204
200
194
206
218
227
243
251
243
234
237
222
225
233
224
223
227
241
235
223
219
221
213
215
224
224
216
214
215
213
209
212
213
210
199
197
209
228
252
247
246
237
242
235
232
225
232
235
221
215
214
218
220
218
218
215
214
206
205
201
197
187
190
191
186
185
198
195
193
181
188
188
180
169
170
164
166
158
155
153
153
167
179
170
176
172
165
164
163
182
202
229
223
217
207
199
196
195
191
183
194
214
232
230
218
212
205
199
201
202
192
203
224
228
233
222
215
205
210
208
198
194
187
193
191
194
195
192
184
194
195
196
202
198
194
203
209
213
210
201
199
197
191
187
193
194
191
196
200
190
187
185
187
184
185
183
179
170
175
176
175
169
183
207
221
222
214
203
202
201
203
211
203
196
192
197
201
216
216
208
200
194
189
190
187
182
195
212
244
248
241
233
238
224
230
223
216
208
206
198
188
181
177
178
171
168
166
172
179
179
185
190
181
172
177
193
210
212
203
196
196
194
199
192
190
181
171
167
165
169
162
157
157
150
149
170
166
159
152
147
158
166
167
166
161
163
161
154
146
142
138
132
130
125
128
125
119
117
128
131
126
120
123
123
123
119
121
126
137
141
167
182
185
178
169
160
161
162
156
152
150
148
153
160
157
164
171
181
179
169
162
158
156
160
155
150
142
150
155
180
179
169
159
154
159
161
167
165
156
153
146
144
145
150
150
148
147
155
147
139
145
158
162
154
152
149
145
147
143
139
136
130
124
119
120
116
120
117
116
109
113
116
116
111
113
126
129
143
138
130
129
132
125
121
115
112
112
105
101
97
95
103
109
121
116
110
113
131
148
153
148
140
131
123
117
113
106
101
96
91
88
83
81
77
75
74
73
71
69
67
65
63
63
62
61
61
61
60
61
59
61
60
60
61
63
63
60
60
60
62
59
58
58
55
53
53
52
52
51
50
50
50
48
52
51
51
56
63
64
61
60
57
55
54
57
53
52
52
50
48
48
47
45
44
45
43
42
40
41
42
42
41
40
38
39
39
37
37
39
36
36
36
34
36
39
37
37
34
34
34
34
32
32
31
30
28
30
28
27
27
27
25
27
28
31
29
28
28
27
26
25
26
25
25
25
26
26
25
25
24
24
26
24
24
22
24
23
23
22
23
23
22
24
24
23
23
22
23
22
23
22
23
22
24
23
23
23
24
22
24
25
24
23
23
23
23
25
24
23
22
22
23
22
24
24
21
21
23
23
23
24
23
22
24
24
24
24
22
23
22
21
23
23
24
24
23
22
23
22
22
22
20
23
21
23
23
23
22
23
23
22
20
22
22
23
22
23
22
23
22
23
21
23
22
22
22
21
21
23
22
23
22
23
22
23
23
22
23
21
23
23
23
23
22
24
22
22
22
25
22
25
25
24
26
26
25
26
24
25
27
27
27
27
26
26
28
26
27
27
27
26
25
25
25
26
26
25
27
24
25
25
25
26
27
25
28
27
27
28
27
28
26
27
27
26
24
26
24
25
25
25
25
23
22
22
23
22
22
22
22
23
21
23
22
22
21
21
20
21
22
22
21
21
22
23
23
21
22
21
20
21
21
22
22
20
20
22
22
22
19
20
21
18
20
18
18
20
18
18
17
17
16
18
18
18
19
19
18
18
19
20
17
19
17
19
17
18
17
18
16
15
15
16
14
14
14
15
14
15
15
15
13
13
13
15
12
14
14
12
12
12
13
13
12
12
11
10
11
11
11
11
12
12
12
13
12
12
12
11
12
14
13
11
13
14
12
11
12
12
13
14
14
14
13
14
17
17
18
16
16
16
16
16
16
15
16
16
17
18
18
18
18
19
19
20
21
27
26
25
26
28
30
32
30
31
30
28
27
27
28
27
28
27
29
28
27
27
28
28
27
27
28
29
30
29
29
32
32
30
31
34
36
38
40
45
46
46
43
45
45
47
50
51
54
54
55
53
50
49
47
47
46
47
52
51
52
57
59
59
56
52
53
55
55
58
59
61
59
64
64
61
62
64
63
65
68
66
64
66
66
77
80
86
84
82
80
79
76
74
75
73
71
68
67
64
67
64
66
70
70
70
74
76
77
77
75
77
79
77
79
81
79
75
78
79
79
79
85
83
79
76
78
77
81
80
89
93
92
92
94
98
92
97
99
105
109
106
106
104
100
97
93
92
91
95
91
90
93
91
90
92
79
70
118
144
145
161
186
206
220
231
233
239
235
234
228
245
252
251
241
237
228
237
248
243
243
236
233
231
245
241
238
222
197
178
159
134
78
25
5
0
0
0
0
0
0
0
0
0
0
0
642
643
642
642
642
641
642
642
642
641
216
175
140
44
7
1
0
0
0
0
0
0
0
640
642
642
641
642
642
642
642
641
641
643
642
642
641
643
642
642
643
642
643
643
643
642
643
642
642
642
642
641
643
642
643
644
643
642
642
642
643
642
642
642
642
644
643
642
643
643
643
643
626
612
586
554
532
504
484
470
466
459
439
420
417
416
404
406
403
389
382
378
379
377
380
384
382
382
392
407
393
391
398
403
395
393
392
393
395
399
399
399
401
401
403
404
404
404
403
404
404
404
404
403
402
402
401
400
398
397
396
393
391
389
387
386
382
379
377
372
370
368
363
362
358
353
350
345
343
339
334
333
328
325
321
318
315
312
309
306
302
298
297
293
290
286
283
279
276
273
271
267
265
262
260
257
253
249
245
244
243
239
236
233
230
227
225
222
219
216
215
210
208
205
201
199
197
193
190
190
188
183
182
177
176
173
170
168
167
